1           1
0.000000000000000E+00  0.000000000000000E+00  0.000000000000000E+00  0.800000000000000E+01

2           4
-.438003826247429E+00  0.628138294297848E-01  -.844401234188624E+00  0.214683312390804E+01
-.490822685134719E+00  -.124287841037315E+00  0.640108671446499E+00  0.266819602255071E+01
0.631354408857361E+00  0.867425802160813E+00  0.131790455070190E+00  0.177572034624235E+01
0.801009744893646E+00  -.953366435098808E+00  -.916585543652232E-01  0.140925050729890E+01

3           6
-.433793155194761E+00  0.477069846408744E+00  -.711239913389589E+00  0.144670533079900E+01
0.433793155194761E+00  -.477069846408744E+00  0.711239913389589E+00  0.144670533079900E+01
0.765656102149838E+00  0.554915645860286E+00  -.947680988319391E-01  0.147632805765829E+01
-.765656102149838E+00  -.554915645860286E+00  0.947680988319391E-01  0.147632805765829E+01
0.426203834126578E+00  -.714278578689844E+00  -.739054527023661E+00  0.107696661154271E+01
-.426203834126578E+00  0.714278578689844E+00  0.739054527023661E+00  0.107696661154271E+01

4          10
0.537896135531399E+00  -.292129486437659E+00  -.990474776807165E+00  0.570174665732476E+00
0.923051546076460E+00  0.133818784034039E-01  0.903450694413764E+00  0.417414366183098E+00
-.301772955945864E+00  -.633671297188092E+00  0.747868246786359E+00  0.969508083324353E+00
-.428624537361183E-01  0.863729369226069E+00  0.698049270638971E+00  0.700746000377370E+00
-.491928103083415E+00  0.665008337867877E+00  -.679217262805985E+00  0.924598252672159E+00
-.633178392516508E+00  -.657958792334952E+00  -.514205319066080E+00  0.992884124403399E+00
0.343385969731684E+00  0.131446121166187E+00  -.149183446749304E-01  0.185227342058796E+01
0.715914028586776E+00  -.933467102095451E+00  -.112400356998804E-01  0.569803025030680E+00
-.963437996902810E+00  0.282127418655561E+00  0.437015799871271E+00  0.670746042999590E+00
0.953357064578186E+00  0.927121834908885E+00  -.443357211570637E+00  0.331852018688917E+00

5          13
0.693579324088971E+00  -.831399301121632E+00  -.307228888546333E+00  0.546652800436793E+00
-.693579324088971E+00  0.831399301121632E+00  0.307228888546333E+00  0.546652800436793E+00
-.958941477261754E+00  -.505633707775680E+00  0.302378014106068E+00  0.461069214709667E+00
0.958941477261754E+00  0.505633707775680E+00  -.302378014106068E+00  0.461069214709667E+00
0.165994113326263E+00  0.880484855679653E+00  -.681071978520974E+00  0.500979276214885E+00
-.165994113326263E+00  -.880484855679653E+00  0.681071978520974E+00  0.500979276214885E+00
0.771265041590626E+00  -.384065921619047E+00  0.724092722058293E+00  0.583012740616464E+00
-.771265041590626E+00  0.384065921619047E+00  -.724092722058293E+00  0.583012740616464E+00
0.502959304104385E+00  0.746951944441586E+00  0.675101027829489E+00  0.624484290191603E+00
-.502959304104385E+00  -.746951944441586E+00  -.675101027829489E+00  0.624484290191603E+00
0.537894698465031E+00  -.182967084323832E+00  -.971524063564004E+00  0.441696414672692E+00
-.537894698465031E+00  0.182967084323832E+00  0.971524063564004E+00  0.441696414672692E+00
0.000000000000000E+00  0.000000000000000E+00  0.000000000000000E+00  0.168421052631579E+01

6          22
-.652010618124579E+00  -.920523381619003E+00  -.989050697673980E+00  0.899122917715904E-01
-.883911273319722E+00  0.625409205772930E+00  0.940622950012133E+00  0.117777861215538E+00
-.411087330465175E+00  -.652519276768726E+00  0.935614237796186E+00  0.281399688547202E+00
-.548381051036745E+00  0.667527746683751E+00  -.919276415479998E+00  0.260522257125626E+00
0.289221660094865E+00  0.497730074451768E+00  0.887896938279765E+00  0.396529619191144E+00
0.634273372357216E+00  -.847312270381008E+00  -.787086783703407E+00  0.205484276710069E+00
0.927734940197721E+00  -.292874503935158E+00  0.866083097929815E+00  0.184564507945891E+00
0.195914549338495E+00  -.149790758131542E+00  -.802470907163245E+00  0.623434397750737E+00
0.969885939413876E+00  0.388585476475598E+00  -.888071128934953E+00  0.144094925211763E+00
0.241750798659815E+00  -.315828591894724E+00  0.452970391146884E+00  0.758778151348993E+00
0.873682854883998E+00  0.852653210362075E+00  0.529049041718922E+00  0.196932845471027E+00
-.247325070089314E+00  0.459187291939315E+00  -.185420375853400E+00  0.759772633084018E+00
-.835990074905153E+00  -.244051477810944E+00  -.596309562635114E+00  0.458193251851989E+00
-.701081119726903E+00  0.437339018288422E-01  0.490217345591723E+00  0.641340889713390E+00
0.685072904387691E+00  0.342695980753262E+00  -.288011531457398E-01  0.628932291761400E+00
0.870699949516193E+00  -.566092467919879E+00  -.205763764602352E+00  0.363719725434495E+00
0.443396282690894E+00  0.908121921752249E+00  -.604232807539005E+00  0.331255113370697E+00
-.293209656562354E+00  0.929315029178936E+00  0.496648411797020E+00  0.324899629436638E+00
-.263391088796074E+00  -.781038872503328E+00  -.209590018045348E+00  0.661214343511196E+00
-.952434353069186E+00  0.826027492850546E+00  -.226879712533781E+00  0.185592124943178E+00
0.558494264915700E+00  -.976768859833369E+00  0.607160481957227E+00  0.216903149252356E+00
-.955022692739912E+00  -.851921723842446E+00  0.385051307175755E+00  0.168746025351063E+00

7          26
0.977065948463799E+00  0.105850676919165E-01  -.963743482307038E+00  0.871676195143022E-01
-.977065948463799E+00  -.105850676919165E-01  0.963743482307038E+00  0.871676195143022E-01
-.273722672033578E+00  -.439240297556765E+00  -.287644334815928E+00  0.708105629714694E+00
0.273722672033578E+00  0.439240297556765E+00  0.287644334815928E+00  0.708105629714694E+00
0.559667759649718E+00  0.827008628963421E+00  -.800865921524967E+00  0.232778052708431E+00
-.559667759649718E+00  -.827008628963421E+00  0.800865921524967E+00  0.232778052708431E+00
0.229279359725256E+00  -.682142241276308E+00  -.923405378271230E+00  0.237133651519887E+00
-.229279359725256E+00  0.682142241276308E+00  0.923405378271230E+00  0.237133651519887E+00
0.931200732720480E+00  0.699553797484007E+00  -.157212265706146E+00  0.224828470608323E+00
-.931200732720480E+00  -.699553797484007E+00  0.157212265706146E+00  0.224828470608323E+00
-.527055208314232E+00  -.756529788839814E-03  0.482444917623429E+00  0.645122983826748E+00
0.527055208314232E+00  0.756529788839814E-03  -.482444917623429E+00  0.645122983826748E+00
-.253385453466375E+00  0.368052976288707E+00  -.851878810862342E+00  0.411532319251717E+00
0.253385453466375E+00  -.368052976288707E+00  0.851878810862342E+00  0.411532319251717E+00
0.831872590357939E+00  -.917170527282009E+00  0.861757091332085E+00  0.806581386304360E-01
-.831872590357939E+00  0.917170527282009E+00  -.861757091332085E+00  0.806581386304360E-01
0.843646383870425E+00  0.381219240158911E+00  0.851422760282093E+00  0.207000676915439E+00
-.843646383870425E+00  -.381219240158911E+00  -.851422760282093E+00  0.207000676915439E+00
0.215151240094386E+00  -.877032751323747E+00  0.214570955647032E+00  0.401539332310112E+00
-.215151240094386E+00  0.877032751323747E+00  -.214570955647032E+00  0.401539332310112E+00
0.819277948075141E+00  -.834577279783615E+00  -.539978113914489E+00  0.216467017783623E+00
-.819277948075141E+00  0.834577279783615E+00  0.539978113914489E+00  0.216467017783623E+00
-.599634990354635E+00  -.985336241099401E+00  -.635905767463282E+00  0.147145399047016E+00
0.599634990354635E+00  0.985336241099401E+00  0.635905767463282E+00  0.147145399047016E+00
-.852618017072062E+00  0.390124073588405E+00  -.303371846872353E+00  0.400520708169271E+00
0.852618017072062E+00  -.390124073588405E+00  0.303371846872353E+00  0.400520708169271E+00

8          42
-.447598800340491E+00  -.468590822957395E+00  -.977231460324474E+00  0.115589497560408E+00
0.119096723733757E+00  -.179651936301810E+00  0.981507030650634E+00  0.153073207562841E+00
-.449016178534729E+00  0.887442821808971E+00  0.972052606803333E+00  0.674205154424576E-01
0.865176515523044E+00  0.766938041079080E+00  -.904581706602868E+00  0.677107138181766E-01
0.650542923392300E+00  -.332237080561977E+00  -.918243731053362E+00  0.164430694740389E+00
0.258921061679669E+00  0.411771377875510E+00  -.884194777273092E+00  0.210364223884430E+00
0.965698938822041E+00  0.267704215805794E+00  0.955702322749176E+00  0.561431499669215E-01
0.226070290598799E+00  -.680920603879782E+00  0.722791641498156E+00  0.185094564673554E+00
-.944716104788840E+00  0.342836618211765E+00  0.894120566495598E+00  0.752178660538192E-01
-.317586009050271E+00  0.924106141182621E+00  -.899998613197758E+00  0.914100354568811E-01
-.522910507965852E+00  -.990062334609205E+00  0.975545491006174E+00  0.368836957264421E-01
0.784315948986573E+00  -.801611043640717E+00  0.865794470440020E+00  0.105803726848813E+00
-.818578905556434E+00  0.404996029297326E+00  -.870319642512689E+00  0.162442992568850E+00
0.282586338713207E+00  0.755697466834730E+00  -.545665670844387E+00  0.199256220125357E+00
-.760785841769469E+00  -.470757106033371E+00  0.825128147441432E+00  0.189883630590269E+00
0.586622677233537E+00  0.136087610729797E+00  -.307695397562971E+00  0.307837699569055E+00
0.954862607819558E+00  -.957034729109489E+00  -.886927262853090E+00  0.266737687968797E-01
-.813249846876696E+00  -.999928547400051E+00  -.923041058968891E+00  0.278912686226391E-01
-.158502055375105E+00  -.841709824876744E+00  0.531389741725530E+00  0.202898319809665E+00
0.477337548009456E+00  0.731255157180851E+00  0.809511274622234E+00  0.238161409742935E+00
0.128404965555369E+00  -.841038544827598E+00  -.743166223033486E+00  0.234729442723444E+00
0.129188644767236E+00  0.426208859094324E+00  0.174203173807668E+00  0.407500909230016E+00
-.553219073573210E+00  -.295899949054384E+00  0.287481473622101E+00  0.366318426634706E+00
-.322836799007828E+00  0.316517977447390E+00  0.689460424868447E+00  0.411763411495950E+00
0.681424740118588E+00  0.950024547111300E+00  -.435344653098486E+00  0.101878149194037E+00
0.755777779707977E+00  -.665539554487861E+00  -.415336449040638E+00  0.238176192048771E+00
-.900001957324313E+00  -.504204648310389E+00  -.622699361048406E+00  0.183518860146986E+00
-.257584308167135E+00  -.440140483826769E-01  -.586826222962601E+00  0.493285777723144E+00
0.963183206318702E+00  0.134651923843012E+00  -.601468545828891E+00  0.129980452751873E+00
0.690830303019036E+00  -.884840666866718E-01  0.557150807800077E+00  0.391023852783443E+00
0.182105602519737E+00  -.436880148098379E+00  -.204826850829133E-01  0.487985689165219E+00
-.822191968750852E+00  0.827083677959861E+00  0.491793974580303E+00  0.170257550157338E+00
0.858851847334379E+00  0.642174234593288E+00  0.136923279465942E+00  0.233960412166819E+00
-.897233990690284E+00  0.134997972221611E+00  0.775610955858074E-02  0.263984470877074E+00
-.535893407814411E+00  0.693645495016216E+00  -.285754118115888E+00  0.380817638646942E+00
-.552999268322815E+00  -.851057152527038E+00  -.233013935144500E+00  0.271893551754287E+00
-.200142646625574E-02  0.963160152376374E+00  0.266956365027783E+00  0.172554934243476E+00
0.937853720451291E+00  0.998485732399411E+00  0.674100687516240E+00  0.307028430317643E-01
-.971501698116461E+00  -.858832316186377E+00  0.406602520471884E+00  0.812185236842342E-01
-.982908360078284E+00  0.958596699021212E+00  -.556593724852515E+00  0.425638436966564E-01
0.995897768287186E+00  -.589014288120069E+00  0.251071433877430E+00  0.105808400534797E+00
0.595291555390171E+00  -.999374334955713E+00  0.134929449343942E+00  0.115889465748245E+00

9          48
-.993524601231380E+00  -.982623160931507E+00  0.130969494800044E-01  0.336566920669006E-01
0.993524601231380E+00  0.982623160931507E+00  -.130969494800044E-01  0.336566920669006E-01
0.963765935130931E+00  -.268742995528647E+00  0.987749513695358E+00  0.377647263307793E-01
-.963765935130931E+00  0.268742995528647E+00  -.987749513695358E+00  0.377647263307793E-01
-.741339955131905E+00  -.941474596849353E+00  -.900605165477819E+00  0.426618646453253E-01
0.741339955131905E+00  0.941474596849353E+00  0.900605165477819E+00  0.426618646453253E-01
0.873985165803051E+00  0.789885564624574E+00  -.954661479332855E+00  0.416855935006528E-01
-.873985165803051E+00  -.789885564624574E+00  0.954661479332855E+00  0.416855935006528E-01
-.357949043840245E+00  -.385816705115302E+00  -.952022034953385E+00  0.141473481614399E+00
0.357949043840245E+00  0.385816705115302E+00  0.952022034953385E+00  0.141473481614399E+00
-.949467818721757E+00  0.693152372323437E+00  -.294280408988094E+00  0.110273031717968E+00
0.949467818721757E+00  -.693152372323437E+00  0.294280408988094E+00  0.110273031717968E+00
-.674854248109526E+00  0.529755182164390E+00  0.352113958026785E+00  0.307410854003881E+00
0.674854248109526E+00  -.529755182164390E+00  -.352113958026785E+00  0.307410854003881E+00
-.383715496659980E+00  -.970134530883707E+00  0.673356103862607E+00  0.998235328921006E-01
0.383715496659980E+00  0.970134530883707E+00  -.673356103862607E+00  0.998235328921006E-01
-.791431400309578E+00  -.623800746191663E+00  0.473951650991527E+00  0.220471329529869E+00
0.791431400309578E+00  0.623800746191663E+00  -.473951650991527E+00  0.220471329529869E+00
0.417315717776905E+00  -.933334371697438E+00  0.729373790076394E-01  0.163495758091256E+00
-.417315717776905E+00  0.933334371697438E+00  -.729373790076394E-01  0.163495758091256E+00
0.541200175635879E-01  -.598505934097013E+00  0.362416521666464E+00  0.339183922784097E+00
-.541200175635879E-01  0.598505934097013E+00  -.362416521666464E+00  0.339183922784097E+00
0.975982198214344E+00  -.110235842826981E+00  -.752784132054462E+00  0.881366815438601E-01
-.975982198214344E+00  0.110235842826981E+00  0.752784132054462E+00  0.881366815438601E-01
-.874730204480347E+00  -.110632124637453E+00  -.790417033172848E-01  0.208777398863999E+00
0.874730204480347E+00  0.110632124637453E+00  0.790417033172848E-01  0.208777398863999E+00
0.916279924583868E+00  -.959786491023158E+00  -.580588632125205E+00  0.467909103855349E-01
-.916279924583868E+00  0.959786491023158E+00  0.580588632125205E+00  0.467909103855349E-01
-.127083340973337E+00  0.700662613664497E+00  -.931313087104555E+00  0.124827947034537E+00
0.127083340973337E+00  -.700662613664497E+00  0.931313087104555E+00  0.124827947034537E+00
-.597306676930773E+00  0.229739783652294E+00  -.655669030839127E+00  0.326106082478349E+00
0.597306676930773E+00  -.229739783652294E+00  0.655669030839127E+00  0.326106082478349E+00
0.891928661999001E+00  0.548149692158289E+00  0.681441337648752E+00  0.143861994858220E+00
-.891928661999001E+00  -.548149692158289E+00  -.681441337648752E+00  0.143861994858220E+00
0.474302926436666E+00  0.813770721706541E+00  0.278756884256784E+00  0.282596703447929E+00
-.474302926436666E+00  -.813770721706541E+00  -.278756884256784E+00  0.282596703447929E+00
-.350484877930780E+00  -.163845498961958E+00  0.381536912763874E-01  0.349449760173571E+00
0.350484877930780E+00  0.163845498961958E+00  -.381536912763874E-01  0.349449760173571E+00
-.716196793135534E+00  0.685153753081148E+00  0.952016400780735E+00  0.811239166614220E-01
0.716196793135534E+00  -.685153753081148E+00  -.952016400780735E+00  0.811239166614220E-01
0.749319214447707E+00  -.891673507019042E+00  0.796929865567305E+00  0.890934079517460E-01
-.749319214447707E+00  0.891673507019042E+00  -.796929865567305E+00  0.890934079517460E-01
0.123055747533831E+00  -.884182822767320E+00  -.769209543956245E+00  0.148670082119089E+00
-.123055747533831E+00  0.884182822767320E+00  0.769209543956245E+00  0.148670082119089E+00
0.678084995103607E-01  -.315977709099405E+00  -.564193785910960E+00  0.330558294773580E+00
-.678084995103607E-01  0.315977709099405E+00  0.564193785910960E+00  0.330558294773580E+00
0.464532441481489E+00  0.172301111580859E+00  -.861634125094304E+00  0.242106032530936E+00
-.464532441481489E+00  -.172301111580859E+00  0.861634125094304E+00  0.242106032530936E+00

10          73
-.929000839159422E+00  0.567448268732638E+00  -.993397886429631E+00  0.204024668943677E-01
0.455932493461397E+00  -.291122310866352E+00  0.990155070967735E+00  0.659912014886916E-01
-.850332337222458E+00  0.197563510582883E+00  0.967048525039640E+00  0.474894840736512E-01
-.625871800076358E+00  -.688227387878414E+00  0.968638629552781E+00  0.541631924562229E-01
-.765752109487717E+00  -.931397728771044E+00  -.948298439235528E+00  0.214424016959432E-01
0.519412467944800E+00  -.533981732636685E+00  -.978121840219748E+00  0.688548501067613E-01
-.187652348295108E-01  0.559308850211006E+00  -.966892313511373E+00  0.822886793009997E-01
0.778124976903352E+00  0.693867166858962E+00  0.956980709233530E+00  0.480843123432772E-01
0.790739110427555E+00  0.745732421865687E+00  -.925520311632704E+00  0.473261818168740E-01
0.193118649387106E-01  -.459133105886969E-01  -.854904819317022E+00  0.111659139038171E+00
0.797305218812078E-01  0.544068988279379E+00  0.920698244761820E+00  0.110544015770109E+00
0.894097831379165E+00  -.861602678649119E+00  0.921124468693763E+00  0.287141232240127E-01
-.396991382335774E+00  0.773928929932908E+00  -.731795433864678E+00  0.816694895235218E-01
-.584073111948525E+00  -.211464223934550E+00  -.928992202832482E+00  0.114584310747519E+00
-.305440348944369E+00  -.313129388591259E-01  0.875384833225325E+00  0.142088234436958E+00
-.625081457008643E+00  0.918640224757254E+00  -.888211997906515E+00  0.448509747740322E-01
-.427317049124377E+00  0.987722863385276E+00  0.987889991370333E+00  0.203244770358025E-01
0.888735171972648E+00  -.884878471552616E+00  -.888035682398789E+00  0.305934700054467E-01
-.142590209586788E+00  -.843033942837344E+00  -.890340708209531E+00  0.858521320529691E-01
0.100738584946666E+00  -.912116913181892E+00  0.887646717889636E+00  0.714698136848575E-01
0.991427385689378E+00  0.835210815124948E-01  -.946317216784635E+00  0.249108000488773E-01
-.211059723083000E+00  -.510846835341085E+00  0.726780472327652E+00  0.158221836382029E+00
-.934424248409495E+00  0.793467227322639E+00  0.833867203984850E+00  0.388561953900801E-01
0.925479664859981E+00  0.584339784761144E-02  0.851465761705860E+00  0.752818430595114E-01
0.587196288612419E+00  0.198222458409989E+00  -.810537510347605E+00  0.169704778071501E+00
-.564448696511659E+00  0.652949192555228E+00  0.755364818625902E+00  0.140632153710215E+00
-.345000649176215E+00  0.345378389325802E+00  -.585042804879151E+00  0.197989441927342E+00
-.192570617312605E+00  -.696552792584607E+00  -.105410512934861E+00  0.158339502257094E+00
0.615009531935037E+00  -.603097155322402E+00  0.743844236784741E+00  0.144612436933285E+00
-.941029622705832E+00  -.977397181545234E+00  0.865838670744488E+00  0.137269251744423E-01
0.399076585973852E+00  0.930682819212816E+00  0.764031681132757E+00  0.747757050474991E-01
0.367551137429887E+00  0.172918927324777E+00  0.661276324137398E+00  0.211794931728036E+00
0.946825975089393E+00  0.942317529539548E+00  0.719146348672882E+00  0.227711937326864E-01
-.832334710257803E+00  0.311747150071651E+00  -.736254142936662E+00  0.121386474646214E+00
0.948756415864659E+00  0.848409914203211E+00  -.657881370684317E+00  0.366175333016926E-01
0.691858576527875E-01  -.454965619361804E+00  -.617392783261790E+00  0.209416141620286E+00
0.725763329912899E+00  0.436495008982007E+00  0.568844866968374E+00  0.144754153520095E+00
-.331066709665627E+00  -.211973764976338E-01  -.242469243147603E+00  0.222573654708816E+00
0.350156129225436E+00  -.750169678161412E-01  -.322039705982760E+00  0.225932580357866E+00
-.298475614193317E+00  0.337708504138334E+00  0.274166257373326E+00  0.224463297050814E+00
0.744819731052909E+00  0.511938672140546E+00  -.424571053072239E+00  0.146813326412704E+00
0.890479504163597E-01  -.286128981838234E+00  0.377993602094511E+00  0.251364409502861E+00
-.852405415438097E+00  -.943575843842945E+00  -.489074318843369E+00  0.430106062634754E-01
-.979746897423402E+00  -.550135813571666E+00  -.842700706281265E+00  0.406484111097283E-01
0.206991763814710E+00  -.815176118065293E+00  0.311036105354144E+00  0.156669989967004E+00
-.922267323808978E+00  -.438279446303980E+00  0.726568390004348E+00  0.935921438648457E-01
-.740478354423008E+00  0.103777903031017E+00  0.511458702865081E+00  0.185357341640787E+00
0.446242868242391E+00  -.932753784731782E+00  -.659055633389734E+00  0.896463769400820E-01
0.249972566982060E+00  0.778192433547112E+00  -.565640703616585E+00  0.177536115809759E+00
-.597859239584201E+00  -.669666713636547E+00  -.580196852646548E+00  0.175690865039504E+00
0.388014729972615E+00  0.999362891811378E+00  -.881490158274994E+00  0.298101269046498E-01
0.954059789673584E+00  0.653255711738391E+00  0.304992198597603E+00  0.659523338969730E-01
-.120421537375088E+00  0.832168323323890E+00  0.460403093511830E+00  0.170496049773398E+00
0.563571678685689E+00  0.834014588127888E+00  0.164448310000663E+00  0.140826942063437E+00
-.619815846692145E+00  -.399021636449164E+00  0.139235568486706E+00  0.225551561468427E+00
0.542378190579027E+00  -.702695293203295E+00  -.180458840015552E+00  0.189172231914347E+00
0.204105229812954E+00  0.459229974240787E+00  -.165925753103899E-01  0.276561161497400E+00
0.861541493596452E+00  -.428201592021287E+00  -.640845086133797E+00  0.144196184159970E+00
0.962561108309583E+00  0.200472151366755E+00  -.228359467903660E+00  0.834738654862861E-01
-.566858672861242E+00  -.893477923534030E+00  0.542302097528373E+00  0.123132487510534E+00
-.956583599197278E+00  0.894250220960859E+00  -.548866637068128E+00  0.414719048395702E-01
0.929033357007998E+00  -.873889767023319E+00  -.193531796919302E+00  0.588728022054962E-01
0.960376178353577E+00  -.570552600125619E+00  0.439083147270005E+00  0.744796835716990E-01
-.900117422817476E+00  -.137991731485505E+00  -.319796246175630E+00  0.153408016689615E+00
0.740982982299435E+00  -.166506172549458E+00  0.147651398976739E+00  0.247359881566012E+00
-.918632868627967E+00  -.794683098578741E+00  0.110466905749640E+00  0.882353308891758E-01
0.798807496867063E+00  0.976780632133738E+00  -.182343045892698E+00  0.442305534389593E-01
-.805537420646715E+00  0.959755070352579E+00  0.366841419263104E+00  0.595662592029712E-01
-.230378543993038E+00  0.960314886990021E+00  -.217481514136719E+00  0.996557542777012E-01
-.716595482280261E+00  0.672329761689837E+00  -.133259639884013E+00  0.213256936813328E+00
0.709800346626824E+00  -.980440059870857E+00  0.444228903214704E+00  0.557926477827424E-01
-.237010592008234E+00  -.994966518294934E+00  -.188785094676039E+00  0.711039384225111E-01
-.997320832171409E+00  0.419110617115665E+00  0.254560134811376E+00  0.679092299354765E-01

11          82
0.947000695614903E+00  0.940195490819705E+00  0.755049981004708E+00  0.194205636385452E-01
-.947000695614903E+00  -.940195490819705E+00  -.755049981004708E+00  0.194205636385452E-01
-.927599640109736E+00  -.451224995438349E+00  -.887814000996131E+00  0.333628989686356E-01
0.927599640109736E+00  0.451224995438349E+00  0.887814000996131E+00  0.333628989686356E-01
-.935882453603771E+00  0.893880818673372E+00  0.926844037477390E+00  0.139351967758482E-01
0.935882453603771E+00  -.893880818673372E+00  -.926844037477390E+00  0.139351967758482E-01
-.800252037920360E+00  0.910652932527195E+00  -.888991474424149E+00  0.345186912019651E-01
0.800252037920360E+00  -.910652932527195E+00  0.888991474424149E+00  0.345186912019651E-01
0.620985386374559E+00  -.897591646542843E+00  -.756946343334058E+00  0.665045915230206E-01
-.620985386374559E+00  0.897591646542843E+00  0.756946343334058E+00  0.665045915230206E-01
0.283881649990340E+00  0.942354162754304E+00  -.972166927043499E-01  0.758641383066844E-01
-.283881649990340E+00  -.942354162754304E+00  0.972166927043499E-01  0.758641383066844E-01
-.630442385338394E+00  -.236111641365382E+00  0.585031453438219E+00  0.160715883135879E+00
0.630442385338394E+00  0.236111641365382E+00  -.585031453438219E+00  0.160715883135879E+00
0.958499810848959E+00  0.629614339208163E+00  0.295788751769932E+00  0.530348899832294E-01
-.958499810848959E+00  -.629614339208163E+00  -.295788751769932E+00  0.530348899832294E-01
-.957605996747868E+00  0.164076470079161E+00  -.255463856315368E+00  0.735121731061493E-01
0.957605996747868E+00  -.164076470079161E+00  0.255463856315368E+00  0.735121731061493E-01
-.928201428901418E+00  -.901819155800752E+00  0.841523171732546E+00  0.242271493873985E-01
0.928201428901418E+00  0.901819155800752E+00  -.841523171732546E+00  0.242271493873985E-01
-.705992348047924E+00  -.556898747248722E+00  0.970285251465743E+00  0.521244582213299E-01
0.705992348047924E+00  0.556898747248722E+00  -.970285251465743E+00  0.521244582213299E-01
-.328096430828504E+00  0.691692064960613E+00  -.938707381711028E+00  0.654045926215247E-01
0.328096430828504E+00  -.691692064960613E+00  0.938707381711028E+00  0.654045926215247E-01
-.837253157176074E+00  0.324046607148493E+00  0.915686083963120E+00  0.667662731907715E-01
0.837253157176074E+00  -.324046607148493E+00  -.915686083963120E+00  0.667662731907715E-01
-.271606091729200E+00  0.725262187729669E+00  0.983525495890914E+00  0.483576530057699E-01
0.271606091729200E+00  -.725262187729669E+00  -.983525495890914E+00  0.483576530057699E-01
-.190140647517259E+00  0.853588473899453E+00  0.346288230025675E+00  0.160564750210792E+00
0.190140647517259E+00  -.853588473899453E+00  -.346288230025675E+00  0.160564750210792E+00
0.819992021011592E+00  -.996485689573847E+00  -.124364162291877E+00  0.368305965964490E-01
-.819992021011592E+00  0.996485689573847E+00  0.124364162291877E+00  0.368305965964490E-01
-.678325136892022E+00  -.792412958360715E+00  -.948770029372947E+00  0.422414741581894E-01
0.678325136892022E+00  0.792412958360715E+00  0.948770029372947E+00  0.422414741581894E-01
0.235974587224359E+00  0.969031486724947E+00  -.931338865963678E+00  0.282492583450384E-01
-.235974587224359E+00  -.969031486724947E+00  0.931338865963678E+00  0.282492583450384E-01
-.349915719093813E+00  0.925694164302988E+00  -.527042212544694E+00  0.107263540849154E+00
0.349915719093813E+00  -.925694164302988E+00  0.527042212544694E+00  0.107263540849154E+00
0.202554850308920E+00  -.229790016146999E+00  -.256950563797143E+00  0.271839842665541E+00
-.202554850308920E+00  0.229790016146999E+00  0.256950563797143E+00  0.271839842665541E+00
-.851942004995441E+00  0.113341785908085E+00  0.227853733531350E+00  0.130585156129472E+00
0.851942004995441E+00  -.113341785908085E+00  -.227853733531350E+00  0.130585156129472E+00
0.945422842365359E+00  -.686749493617624E+00  -.474106845336545E+00  0.693749646040130E-01
-.945422842365359E+00  0.686749493617624E+00  0.474106845336545E+00  0.693749646040130E-01
-.575761908746958E+00  -.333724318050737E+00  -.106232663642500E+00  0.235927762484750E+00
0.575761908746958E+00  0.333724318050737E+00  0.106232663642500E+00  0.235927762484750E+00
-.179165610061509E+00  -.995897948192598E+00  -.827961942492035E+00  0.352436920497254E-01
0.179165610061509E+00  0.995897948192598E+00  0.827961942492035E+00  0.352436920497254E-01
-.977863152305528E+00  -.246991080300560E+00  0.760377489675773E+00  0.466620047814761E-01
0.977863152305528E+00  0.246991080300560E+00  -.760377489675773E+00  0.466620047814761E-01
-.988778809062372E+00  0.374695273254537E+00  -.968755357997883E+00  0.174554893605760E-01
0.988778809062372E+00  -.374695273254537E+00  0.968755357997883E+00  0.174554893605760E-01
0.866073773699428E-01  0.590095465321545E+00  -.747373218154553E+00  0.141369104560816E+00
-.866073773699428E-01  -.590095465321545E+00  0.747373218154553E+00  0.141369104560816E+00
-.861964162497260E+00  -.994681791192286E+00  0.843070686240325E-01  0.278322735145900E-01
0.861964162497260E+00  0.994681791192286E+00  -.843070686240325E-01  0.278322735145900E-01
0.238144708348338E+00  0.357586831881833E-01  -.891103115844209E+00  0.139776643806767E+00
-.238144708348338E+00  -.357586831881833E-01  0.891103115844209E+00  0.139776643806767E+00
-.584016538955604E+00  -.846575557284782E+00  0.623222520620816E+00  0.100483037043953E+00
0.584016538955604E+00  0.846575557284782E+00  -.623222520620816E+00  0.100483037043953E+00
-.811987799840230E+00  -.207941990892585E+00  -.665316364526587E+00  0.117092373721761E+00
0.811987799840230E+00  0.207941990892585E+00  0.665316364526587E+00  0.117092373721761E+00
0.203303799705808E+00  0.533693169796864E+00  0.744175163748196E+00  0.203907969651623E+00
-.203303799705808E+00  -.533693169796864E+00  -.744175163748196E+00  0.203907969651623E+00
0.289743935331393E+00  -.171377823165573E+00  0.461798045181013E+00  0.267031099959648E+00
-.289743935331393E+00  0.171377823165573E+00  -.461798045181013E+00  0.267031099959648E+00
0.481132728913679E+00  0.382328400295067E-01  0.960802004833655E+00  0.764314004145627E-01
-.481132728913679E+00  -.382328400295067E-01  -.960802004833655E+00  0.764314004145627E-01
0.645547633724501E+00  -.653827723998876E+00  0.100095812895280E+00  0.205466749072268E+00
-.645547633724501E+00  0.653827723998876E+00  -.100095812895280E+00  0.205466749072268E+00
0.737468758670998E+00  -.437414139634745E+00  0.729250227717424E+00  0.129401970082863E+00
-.737468758670998E+00  0.437414139634745E+00  -.729250227717424E+00  0.129401970082863E+00
0.623325774295477E+00  0.829425103737080E+00  0.445626681603068E+00  0.132842628217391E+00
-.623325774295477E+00  -.829425103737080E+00  -.445626681603068E+00  0.132842628217391E+00
0.892415324169120E+00  0.662038808981170E+00  -.305496712380650E+00  0.924354877292697E-01
-.892415324169120E+00  -.662038808981170E+00  0.305496712380650E+00  0.924354877292697E-01
0.555266713203941E+00  -.450056335211337E+00  -.641922769297525E+00  0.142159874656036E+00
-.555266713203941E+00  0.450056335211337E+00  0.641922769297525E+00  0.142159874656036E+00
0.163049835239863E+00  0.615949256306787E+00  -.189541900980401E+00  0.206728292661912E+00
-.163049835239863E+00  -.615949256306787E+00  0.189541900980401E+00  0.206728292661912E+00
0.955335259395837E+00  -.818313793423977E+00  0.480115922253928E+00  0.470534096046105E-01
-.955335259395837E+00  0.818313793423977E+00  -.480115922253928E+00  0.470534096046105E-01

12         115
0.750379145663593E+00  0.637222641255042E+00  0.733356542866826E+00  0.618360570787807E-01
-.983851127173713E-01  -.506191136148957E+00  -.733200856204243E+00  0.117626548366447E+00
-.215003772428489E+00  0.430386353093510E+00  0.877141076072168E+00  0.619557818568885E-01
-.927117312762847E-01  -.791948914421011E+00  -.242405156448231E+00  0.977892324513290E-01
0.413366240900843E+00  0.608453108157896E+00  0.712857639702136E+00  0.877120673612718E-01
0.960179372192212E+00  -.114987737274188E-01  0.883307301062521E+00  0.203330085132581E-01
-.876412403081778E+00  -.242990447831484E+00  0.508637322509684E+00  0.638604693499525E-01
0.200928550758272E+00  -.692499219631463E+00  0.543923925632802E+00  0.976867579598567E-01
-.391611469845653E+00  0.167052477931449E-02  -.568240111586412E+00  0.129954717173391E+00
-.755337423480946E+00  -.104829431978978E+00  0.156627170460019E+00  0.125294053748945E+00
-.108514988708343E+00  0.655631281909224E-01  0.832919818360313E+00  0.999185591765001E-01
0.683961285382623E-01  -.778437765443936E+00  -.567851424170622E+00  0.676103817235706E-01
-.376424986353750E+00  0.302812805897139E+00  -.709450249904279E-01  0.180358234608424E+00
0.640941779146958E+00  0.132200230791508E+00  0.107780782541435E+00  0.152867596174222E+00
0.197434532773751E+00  0.574049317021101E-01  -.462642000829120E+00  0.209177381334640E+00
0.283437994517243E-01  0.509104288433111E+00  -.670708994549216E+00  0.128743004786483E+00
-.917633660428661E+00  0.692021107939805E+00  -.757594134432600E+00  0.405212262472848E-01
-.587572866208555E+00  -.100029766933387E+00  0.997022213819195E+00  0.309169840097697E-01
-.401279377720781E+00  0.470815564654647E+00  -.803694676196845E+00  0.866650638282218E-01
-.737163018648478E+00  0.203533025046384E+00  -.895417417109424E+00  0.632748515727591E-01
0.753238809661057E+00  0.775410547508496E+00  0.237508964711896E+00  0.804231387302925E-01
0.623130782068940E+00  -.776521359723479E+00  -.744026924403766E+00  0.619674759804946E-01
0.672091659832988E+00  -.452399958036299E+00  0.355135646872150E+00  0.136573336343612E+00
-.750818692182103E+00  0.528750262714764E+00  -.440062617541897E+00  0.837498593521112E-01
-.611836071680303E+00  0.698566069239155E+00  0.310746206449336E+00  0.103269159713048E+00
0.115883522571291E+00  0.835667119926798E+00  -.915566430175653E+00  0.499623851377486E-01
-.273764262938590E+00  -.596953089342527E+00  0.403130379265683E+00  0.154360210251638E+00
0.302034701020175E+00  0.819812907929699E+00  0.196030698984115E+00  0.978613406486033E-01
-.247114049490144E+00  0.833424402523125E+00  0.632921199297008E+00  0.104678119146518E+00
0.873472879796657E+00  -.362618986835952E+00  0.757795671959398E+00  0.626660455252402E-01
0.961479729194240E+00  0.567691011242657E+00  0.928639564548563E+00  0.165685289883503E-01
-.737741121894123E+00  -.310179369884514E+00  -.753296386922105E+00  0.919834132256919E-01
-.435704358754187E+00  -.282394511350950E+00  0.703918964807815E+00  0.124088859294260E+00
-.997397269843853E+00  0.982457377889451E-02  -.643938869306581E+00  0.320064802901744E-01
-.908224072228113E+00  -.391532932310008E+00  -.977416010046099E+00  0.184240930011508E-01
0.365570925236630E+00  0.360707461830107E+00  -.947495812664714E+00  0.593441953655553E-01
-.932373130227049E+00  0.588307821052565E+00  0.117233433795458E+00  0.705208264395456E-01
0.996023216220274E+00  -.647010455730965E+00  -.819362879495758E+00  0.134886598327370E-01
0.539752116653637E+00  0.981740994549038E+00  0.527576280634387E+00  0.326087133397634E-01
-.369604154875695E+00  0.733132284135233E+00  0.996948122949761E+00  0.174541495008174E-01
-.973495528093611E+00  0.467688612300848E+00  -.996337063550840E+00  0.753991282956140E-02
0.403500765876104E+00  -.101379227398526E+00  0.633534741999728E+00  0.168494741885570E+00
-.600180564394848E+00  0.979730390032443E+00  0.899603569196128E+00  0.189893854108931E-01
0.604233676620146E+00  0.166413005020439E+00  0.929189650524747E+00  0.692048592254735E-01
-.538284512062127E+00  0.235092469323741E+00  0.489140186178016E+00  0.145922201040703E+00
-.788991596060567E+00  -.578423746563034E+00  0.786844572846467E+00  0.728025636599946E-01
-.725635796549935E+00  0.585446433969751E+00  0.825658043164985E+00  0.757100229004626E-01
-.810894277541520E+00  -.983642718520832E+00  -.952778834732949E+00  0.785080005503204E-02
0.999240583602683E+00  0.698540282516094E+00  0.135248284637179E+00  0.246574375348877E-01
-.682284954014624E+00  0.944673372366564E+00  0.159053426141455E-01  0.496029290735250E-01
0.765675686534477E+00  0.897096749862168E+00  0.950198411251687E+00  0.196943078870743E-01
-.260055586008925E+00  0.969381093799928E+00  -.709782049932162E+00  0.395710285668302E-01
0.888395583904813E+00  0.259552955740588E+00  0.485584220890790E+00  0.992765848517794E-01
0.296606039506266E+00  0.931671997010421E+00  -.388899547597738E+00  0.725103509956488E-01
-.157398287181644E+00  0.994837190417474E+00  0.220214110181916E+00  0.359327301100027E-01
0.873943813429144E-01  0.411830564856479E+00  0.407775651801786E+00  0.200348905866143E+00
-.984220956649336E+00  -.395912576923479E+00  0.229799403401742E-01  0.383922924158713E-01
0.477118119542760E+00  0.465797027171151E+00  -.155088212741132E+00  0.163212042670693E+00
0.394901131181904E+00  -.336863246786135E+00  -.831583812781281E+00  0.106504658024083E+00
-.471225344091697E+00  -.399578892770667E+00  -.278505344537256E+00  0.176847074370512E+00
0.828915207757790E+00  -.356536424521485E+00  -.977860210410527E+00  0.304912602299762E-01
0.221331687787719E+00  0.528748213397286E+00  0.990913182428834E+00  0.252350555686600E-01
0.753468507321557E+00  -.457894567145981E+00  0.999895496392482E+00  0.182793220573595E-01
-.620816858945432E+00  -.967554560975226E+00  0.584148537297182E+00  0.389915357419918E-01
-.967918533547005E+00  0.789201345911079E+00  0.962903422970636E+00  0.105131105615650E-01
0.383001610217684E+00  -.541068585693683E+00  -.170022260458508E+00  0.192586934350391E+00
-.157583475818026E+00  -.660887335170640E-01  -.958911437631236E+00  0.732294249910996E-01
-.959532850317960E+00  -.829375253815986E+00  0.481405440151987E+00  0.331979438953190E-01
0.833036865985047E+00  0.946999402278214E+00  -.198531477813298E+00  0.428911057403895E-01
-.872053713053927E+00  -.615449375625273E+00  -.394103524172166E+00  0.761583680569698E-01
0.636508965968153E+00  0.987756729657334E+00  -.924927890924514E+00  0.142350575973806E-01
-.257337291168980E+00  -.959970147231268E+00  -.132827703234708E-03  0.551127659667943E-01
0.958305084437460E+00  0.935684992101795E+00  0.645994680384409E+00  0.177017483539265E-01
0.970049796176351E+00  0.104302396201899E+00  -.792759121094838E+00  0.353982338374015E-01
-.318339575066724E-01  -.973402044347237E+00  -.858742097861866E+00  0.302056848632680E-01
-.502853673721852E+00  0.771038234492320E+00  -.975451622067341E+00  0.296752412559577E-01
0.329156877635484E+00  -.923315974928351E+00  0.264987011675613E+00  0.827927825373645E-01
0.879540626240407E+00  -.589892190896292E+00  -.525664763689186E+00  0.681631886925835E-01
-.104277404836800E+00  -.906190536668546E+00  0.756547093988900E+00  0.613866218622139E-01
0.333538156480813E+00  -.783496482078300E+00  -.980203812007196E+00  0.299412690202114E-01
0.194572927298201E+00  0.906492952973811E+00  0.882214488651283E+00  0.449927227195791E-01
0.722248259094421E+00  -.184086255441415E+00  -.466508911694394E+00  0.123139657914919E+00
0.851266202551023E+00  -.932189814259350E+00  -.899203740306382E+00  0.191694473940629E-01
0.692139288581608E+00  0.178423339743217E+00  -.810644037130566E+00  0.808893122209081E-01
-.682432881348961E+00  -.757330642029000E+00  0.145688628332795E+00  0.119222624579818E+00
0.894372279915022E+00  0.478768011538724E+00  -.387829378809643E+00  0.952684622252146E-01
0.496907863218086E+00  -.962055889941070E+00  -.464320235213093E+00  0.508522054494078E-01
0.945355034152738E+00  -.859731422166308E+00  0.930539755721160E+00  0.132129715560418E-01
0.953227538031166E+00  -.185085002724789E+00  -.419861138136207E-01  0.775671682533822E-01
-.610042905722996E-02  -.175762223995770E+00  0.129439634844275E+00  0.250868233305356E+00
-.995866704553212E+00  -.418593757998732E+00  0.940689056155007E+00  0.115215025759521E-01
-.856920995301711E+00  0.173014937302839E+00  -.284054855953687E+00  0.955995149812903E-01
-.606806410693348E+00  0.845062253167515E+00  -.508697853566980E+00  0.737229920323764E-01
0.604478505123955E+00  0.743548935758682E+00  -.670494373719208E+00  0.104283501962104E+00
-.896479462375035E+00  0.909136651680414E+00  0.583430409263012E+00  0.390598871454245E-01
-.970637096079942E+00  0.925691261958777E+00  -.302928259440933E+00  0.207269469095174E-01
-.843821610145624E+00  0.957835745421191E+00  -.888310618006938E+00  0.160560095951783E-01
0.800875749657537E+00  -.822350881354330E+00  -.330910098441641E-02  0.886537844837087E-01
-.885969289377896E+00  -.929595902863917E+00  0.922023927689892E+00  0.140891809723494E-01
-.482213673532657E+00  -.707401133499247E+00  -.932906510870726E+00  0.578782449829390E-01
0.978286051552353E+00  -.961829446858761E+00  -.350392720932680E+00  0.136479334379912E-01
0.598553718820589E+00  -.793637141999382E+00  0.812018680567151E+00  0.770512064000990E-01
0.979302674235854E+00  -.697662508709271E+00  0.441770493429970E+00  0.343200495866456E-01
-.966742506890726E+00  0.276427939359311E+00  0.615075547916742E+00  0.427230093236620E-01
-.159938214899776E+00  0.728469055607818E+00  -.184875099196910E+00  0.162876970527664E+00
0.826057372907895E+00  -.986207569294242E+00  0.565263440037651E+00  0.243553629271362E-01
-.858579058903632E+00  0.128382596631407E+00  0.903607982480331E+00  0.394613727641430E-01
0.872370485215288E+00  0.641691669762761E+00  -.968008415372229E+00  0.243989686065837E-01
0.958524739584031E+00  0.892623575673353E+00  -.737535769060093E+00  0.206046492669580E-01
-.575633279852113E+00  -.901493560400320E+00  -.586191425497660E+00  0.748597962993599E-01
0.316354275594833E+00  -.999842092769071E+00  0.989890153252318E+00  0.960386352157267E-02
0.138185034983506E+00  -.461193258285095E+00  0.925940598551386E+00  0.883819148786379E-01
-.944772298365040E+00  -.808419978571439E+00  -.789161216104778E+00  0.279051543113439E-01
-.444430496375307E+00  -.778255396927762E+00  0.947971368577082E+00  0.432517350837259E-01
-.913040452430017E+00  -.972110865553502E+00  -.176787691333271E+00  0.244311898200364E-01

13         129
0.989353377783850E+00  0.411578760703877E+00  -.299310565911544E+00  0.210219634632044E-01
-.989353377783850E+00  -.411578760703877E+00  0.299310565911544E+00  0.210219634632044E-01
-.274328978460210E+00  0.771407501368341E+00  0.425182287088889E+00  0.106989062712481E+00
0.274328978460210E+00  -.771407501368341E+00  -.425182287088889E+00  0.106989062712481E+00
0.722760043395812E+00  -.855789776492938E+00  0.522008603131110E+00  0.455077777897303E-01
-.722760043395812E+00  0.855789776492938E+00  -.522008603131110E+00  0.455077777897303E-01
-.596115758852078E-01  0.951655872792881E+00  -.813545965306429E+00  0.294901045807289E-01
0.596115758852078E-01  -.951655872792881E+00  0.813545965306429E+00  0.294901045807289E-01
-.791530942551621E+00  -.433133459465356E+00  0.325996940109239E+00  0.100343863830472E+00
0.791530942551621E+00  0.433133459465356E+00  -.325996940109239E+00  0.100343863830472E+00
-.743862015149403E+00  0.712860742024131E+00  -.111352570677714E+00  0.831783883526637E-01
0.743862015149403E+00  -.712860742024131E+00  0.111352570677714E+00  0.831783883526637E-01
0.225722657170041E+00  0.809688338196854E+00  0.710331011589353E+00  0.692433714986265E-01
-.225722657170041E+00  -.809688338196854E+00  -.710331011589353E+00  0.692433714986265E-01
0.424588393908003E+00  -.895085825737343E+00  0.627521178413072E+00  0.494165680373932E-01
-.424588393908003E+00  0.895085825737343E+00  -.627521178413072E+00  0.494165680373932E-01
-.469855561689864E-01  0.322371205802429E+00  -.830124674345206E+00  0.104112892648820E+00
0.469855561689864E-01  -.322371205802429E+00  0.830124674345206E+00  0.104112892648820E+00
0.598518186801944E-01  -.216117399427823E+00  -.644303580885926E+00  0.147558764293521E+00
-.598518186801944E-01  0.216117399427823E+00  0.644303580885926E+00  0.147558764293521E+00
0.401778340982475E+00  -.654646520499659E+00  0.869613128913136E+00  0.633575879615919E-01
-.401778340982475E+00  0.654646520499659E+00  -.869613128913136E+00  0.633575879615919E-01
-.555271111668073E+00  -.856051907375368E+00  0.874369107209213E+00  0.389645512988424E-01
0.555271111668073E+00  0.856051907375368E+00  -.874369107209213E+00  0.389645512988424E-01
-.568043997706152E+00  0.980945113132368E+00  0.493174096891258E-01  0.305830312163815E-01
0.568043997706152E+00  -.980945113132368E+00  -.493174096891258E-01  0.305830312163815E-01
0.844144157138282E+00  0.771233151051742E+00  0.603259314816969E+00  0.571374236078369E-01
-.844144157138282E+00  -.771233151051742E+00  -.603259314816969E+00  0.571374236078369E-01
0.657883523029299E+00  0.536292115012197E-01  0.876818857680011E+00  0.717388245889377E-01
-.657883523029299E+00  -.536292115012197E-01  -.876818857680011E+00  0.717388245889377E-01
0.387324598219365E+00  -.142378045920081E+00  0.466629850049572E+00  0.175851479378395E+00
-.387324598219365E+00  0.142378045920081E+00  -.466629850049572E+00  0.175851479378395E+00
-.938131215149524E+00  -.145719746502392E+00  0.795262263902360E+00  0.445316658198974E-01
0.938131215149524E+00  0.145719746502392E+00  -.795262263902360E+00  0.445316658198974E-01
0.244900931832956E+00  0.817385558752069E-01  0.980197995407241E+00  0.377759978393788E-01
-.244900931832956E+00  -.817385558752069E-01  -.980197995407241E+00  0.377759978393788E-01
0.286764350115356E+00  -.587267030165644E+00  0.283298302939135E+00  0.128215788312985E+00
-.286764350115356E+00  0.587267030165644E+00  -.283298302939135E+00  0.128215788312985E+00
0.644294894620882E+00  0.385267558922003E+00  0.390177403102917E+00  0.134221399548513E+00
-.644294894620882E+00  -.385267558922003E+00  -.390177403102917E+00  0.134221399548513E+00
-.438967929355740E+00  -.982215913587615E+00  0.506203882815116E+00  0.331843066390285E-01
0.438967929355740E+00  0.982215913587615E+00  -.506203882815116E+00  0.331843066390285E-01
0.812347507541330E+00  0.884024616769194E+00  -.357410275478719E+00  0.468776020197783E-01
-.812347507541330E+00  -.884024616769194E+00  0.357410275478719E+00  0.468776020197783E-01
0.970766382035305E+00  0.839994905232125E+00  -.677937823084829E+00  0.203761665316696E-01
-.970766382035305E+00  -.839994905232125E+00  0.677937823084829E+00  0.203761665316696E-01
0.271379726255220E+00  0.961854136655319E+00  0.362533398129030E+00  0.436929870069076E-01
-.271379726255220E+00  -.961854136655319E+00  -.362533398129030E+00  0.436929870069076E-01
-.649372304389228E-01  -.524990768568542E+00  -.268373234685677E+00  0.142399104465106E+00
0.649372304389228E-01  0.524990768568542E+00  0.268373234685677E+00  0.142399104465106E+00
0.298846363372525E+00  -.390321409120277E+00  -.898815870740613E+00  0.696103743190509E-01
-.298846363372525E+00  0.390321409120277E+00  0.898815870740613E+00  0.696103743190509E-01
-.107340128515076E+00  -.822033494296988E+00  0.986683001586363E+00  0.216606431094486E-01
0.107340128515076E+00  0.822033494296988E+00  -.986683001586363E+00  0.216606431094486E-01
0.852926169676974E+00  0.987377646648045E+00  -.920801531302838E+00  0.740954998364866E-02
-.852926169676974E+00  -.987377646648045E+00  0.920801531302838E+00  0.740954998364866E-02
-.962448603152126E+00  -.649164396203189E+00  -.170616606373731E+00  0.396179886282226E-01
0.962448603152126E+00  0.649164396203189E+00  0.170616606373731E+00  0.396179886282226E-01
-.651819531761607E+00  0.585293834632649E+00  -.995908893876205E+00  0.168742877915145E-01
0.651819531761607E+00  -.585293834632649E+00  0.995908893876205E+00  0.168742877915145E-01
-.571898095495579E+00  -.133081403851719E-01  0.601847577093374E+00  0.142805254608281E+00
0.571898095495579E+00  0.133081403851719E-01  -.601847577093374E+00  0.142805254608281E+00
0.443416375554422E+00  0.297705050795247E+00  -.944490490999580E+00  0.596068939507297E-01
-.443416375554422E+00  -.297705050795247E+00  0.944490490999580E+00  0.596068939507297E-01
-.915625607032754E+00  0.952199038057326E+00  0.750474444850628E+00  0.153385580009945E-01
0.915625607032754E+00  -.952199038057326E+00  -.750474444850628E+00  0.153385580009945E-01
0.941740723160914E+00  -.994968676043149E+00  0.393035987518382E+00  0.115867452400837E-01
-.941740723160914E+00  0.994968676043149E+00  -.393035987518382E+00  0.115867452400837E-01
0.436832722858549E+00  0.525856142632358E+00  0.793955967812084E+00  0.904057984911363E-01
-.436832722858549E+00  -.525856142632358E+00  -.793955967812084E+00  0.904057984911363E-01
0.922338724493323E+00  0.976688987841292E+00  0.955017373005488E-01  0.162118509590541E-01
-.922338724493323E+00  -.976688987841292E+00  -.955017373005488E-01  0.162118509590541E-01
-.663041211774794E-01  0.907079262382082E+00  -.144397842003171E+00  0.886207252475395E-01
0.663041211774794E-01  -.907079262382082E+00  0.144397842003171E+00  0.886207252475395E-01
0.148576312551578E+00  -.974894198279464E+00  -.856621810200826E+00  0.264612721858391E-01
-.148576312551578E+00  0.974894198279464E+00  0.856621810200826E+00  0.264612721858391E-01
0.929498780791136E+00  -.841212407361494E+00  -.230611096650748E+00  0.429372647854246E-01
-.929498780791136E+00  0.841212407361494E+00  0.230611096650748E+00  0.429372647854246E-01
0.951096412501466E+00  -.268238789099059E+00  -.381848908703977E+00  0.547906342523199E-01
-.951096412501466E+00  0.268238789099059E+00  0.381848908703977E+00  0.547906342523199E-01
-.997157056960371E+00  0.639112550582059E+00  0.910406449162569E+00  0.115774659282333E-01
0.997157056960371E+00  -.639112550582059E+00  -.910406449162569E+00  0.115774659282333E-01
-.224738869096422E+00  -.658032091458238E+00  0.566795623605697E+00  0.148096096537904E+00
0.224738869096422E+00  0.658032091458238E+00  -.566795623605697E+00  0.148096096537904E+00
-.960033724522188E-01  -.722447752992192E+00  -.999730956538829E+00  0.225377754190328E-01
0.960033724522188E-01  0.722447752992192E+00  0.999730956538829E+00  0.225377754190328E-01
-.957711711723475E+00  -.205556905517587E+00  -.672027987421038E+00  0.484890684164157E-01
0.957711711723475E+00  0.205556905517587E+00  0.672027987421038E+00  0.484890684164157E-01
0.598327867700004E+00  -.933051132359711E+00  -.527163292132057E+00  0.378255936043794E-01
-.598327867700004E+00  0.933051132359711E+00  0.527163292132057E+00  0.378255936043794E-01
-.952398645084937E+00  0.253134699377363E+00  -.959243916681299E+00  0.163771871940185E-01
0.952398645084937E+00  -.253134699377363E+00  0.959243916681299E+00  0.163771871940185E-01
-.562872503850726E+00  0.380836570229824E+00  0.171615727400860E+00  0.160104827584048E+00
0.562872503850726E+00  -.380836570229824E+00  -.171615727400860E+00  0.160104827584048E+00
-.791307728978681E+00  0.220120679505022E+00  0.948203556105536E+00  0.405786138907296E-01
0.791307728978681E+00  -.220120679505022E+00  -.948203556105536E+00  0.405786138907296E-01
-.536092175039305E+00  -.775372612231411E+00  -.256094277525367E-01  0.127868567424030E+00
0.536092175039305E+00  0.775372612231411E+00  0.256094277525367E-01  0.127868567424030E+00
-.734808907460873E+00  -.584479877455369E+00  0.764020573895502E+00  0.638771390909162E-01
0.734808907460873E+00  0.584479877455369E+00  -.764020573895502E+00  0.638771390909162E-01
-.849671227839954E+00  0.139991367986790E-01  -.122753911780509E+00  0.125985703422966E+00
0.849671227839954E+00  -.139991367986790E-01  0.122753911780509E+00  0.125985703422966E+00
-.782913987599479E+00  0.398223331403958E+00  -.677784722657568E+00  0.956128145199573E-01
0.782913987599479E+00  -.398223331403958E+00  0.677784722657568E+00  0.956128145199573E-01
0.927740470591361E+00  -.820871069150901E+00  0.851726389079910E+00  0.271286387810296E-01
-.927740470591361E+00  0.820871069150901E+00  -.851726389079910E+00  0.271286387810296E-01
-.677727478218303E+00  0.989321350524899E+00  -.954623828417326E+00  0.910602486669744E-02
0.677727478218303E+00  -.989321350524899E+00  0.954623828417326E+00  0.910602486669744E-02
-.473552649639031E+00  0.723530778754630E+00  0.841001540920441E+00  0.528744247440626E-01
0.473552649639031E+00  -.723530778754630E+00  -.841001540920441E+00  0.528744247440626E-01
-.707507852997912E+00  -.965353619994867E+00  -.523472506601489E+00  0.217904713258041E-01
0.707507852997912E+00  0.965353619994867E+00  0.523472506601489E+00  0.217904713258041E-01
0.993774857319967E+00  0.929628392710103E+00  0.857820148103402E+00  0.719799894994482E-02
-.993774857319967E+00  -.929628392710103E+00  -.857820148103402E+00  0.719799894994482E-02
0.981510011161861E+00  -.525051688513672E+00  0.355847359235016E+00  0.376757394261381E-01
-.981510011161861E+00  0.525051688513672E+00  -.355847359235016E+00  0.376757394261381E-01
0.732394915602182E+00  -.883234354670202E+00  -.974555772287547E+00  0.156769980933461E-01
-.732394915602182E+00  0.883234354670202E+00  0.974555772287547E+00  0.156769980933461E-01
0.312902878118849E+00  0.250033485643072E+00  -.171599032388752E+00  0.180063915710614E+00
-.312902878118849E+00  -.250033485643072E+00  0.171599032388752E+00  0.180063915710614E+00
-.866197818049011E+00  -.555615473707808E+00  -.947629020193351E+00  0.301807530470668E-01
0.866197818049011E+00  0.555615473707808E+00  0.947629020193351E+00  0.301807530470668E-01
-.623230054902043E+00  -.922981683208802E+00  -.926757656419861E+00  0.243774673113003E-01
0.623230054902043E+00  0.922981683208802E+00  0.926757656419861E+00  0.243774673113003E-01
-.801612483517041E+00  0.573598717424096E+00  0.651747151330553E+00  0.825405362213574E-01
0.801612483517041E+00  -.573598717424096E+00  -.651747151330553E+00  0.825405362213574E-01
0.918993231843937E+00  0.608738041528497E+00  -.990709648067018E+00  0.125000650326148E-01
-.918993231843937E+00  -.608738041528497E+00  0.990709648067018E+00  0.125000650326148E-01
0.000000000000000E+00  0.000000000000000E+00  0.000000000000000E+00  0.140495196922429E+00

14         173
0.452068782503661E+00  0.996372076809735E+00  -.163851626125838E+00  0.151442805854311E-01
-.802454417569059E+00  -.719411637321479E+00  0.688997247817950E+00  0.226437578600423E-01
0.466394862638189E+00  0.913177190597229E+00  -.365987885191606E+00  0.362097412167722E-01
0.538391576266528E+00  -.432849536285062E+00  -.727103961534488E+00  0.545637744329769E-01
0.370741779385770E+00  0.698598257034608E+00  -.266247749133455E+00  0.530290607627638E-01
-.628273010737232E+00  -.713065214614846E+00  0.865680436896906E+00  0.426637085029633E-01
-.843010455953050E+00  -.172896184168180E+00  -.497094779702317E+00  0.386494511061791E-01
0.560663438028695E+00  -.841261593430194E+00  -.211584117090120E-01  0.519421409262287E-01
0.838587711679832E+00  -.782208052874066E-01  0.973729595579815E+00  0.155726340414803E-01
0.986833881010391E+00  0.762011348373320E+00  0.857303524188764E-01  0.157823301527363E-01
-.880846462000454E+00  0.825569186243141E+00  -.698209394004893E+00  0.261711719997625E-01
0.919056032705899E+00  0.366817340642568E+00  -.790391091202621E+00  0.228249272259232E-01
0.226182140670594E+00  0.854812836043885E+00  0.879587533703219E+00  0.286288583165742E-01
0.437565072022902E+00  0.686523883813919E+00  0.955315865351503E+00  0.190665086419753E-01
0.505902637461230E+00  0.555443077565326E+00  0.725695373495734E-01  0.898183629509556E-01
-.763708718616741E+00  -.293085938023675E-01  -.901261757690129E+00  0.308506389550050E-01
-.938639580024184E+00  0.727438901320504E+00  0.845818418053382E+00  0.127065954247685E-01
-.194825819914982E+00  0.339222526011714E+00  -.723584021209024E+00  0.880194010833324E-01
-.457878469827583E+00  -.687439692215067E-01  0.504463330905261E+00  0.691872759700338E-01
-.975565302087290E+00  0.443119862581026E+00  0.965956787685266E+00  0.698560194621516E-02
0.423487364191120E+00  0.548649074695043E+00  -.774382567124326E+00  0.550304729453516E-01
0.253442682291392E+00  0.831155081928390E+00  -.784463841911283E+00  0.490252619155376E-01
0.757762647282970E+00  0.436860674427051E+00  0.953226943878589E+00  0.263110700871386E-01
0.234393404443850E-02  -.399945379275691E+00  -.591004794164854E+00  0.103948167167058E+00
-.749751757759462E+00  0.696687301962927E+00  -.482711856903335E+00  0.538855965673479E-01
-.860417019847005E+00  0.141835904682020E+00  0.454246250264386E+00  0.502107256099669E-01
0.989275636167859E+00  0.707491266176126E+00  -.807776780895914E+00  0.961998501001980E-02
-.994377284226740E+00  0.893499632219804E+00  -.887534499979967E+00  0.506880501336023E-02
0.188130184949469E+00  0.971879386079180E+00  0.649893725790936E+00  0.298413502912188E-01
-.755095254564205E+00  0.839107557428525E+00  0.767860460843963E+00  0.352284706240901E-01
-.623637493533810E+00  -.123092688530332E+00  0.155001058723491E+00  0.122111462227862E+00
-.217568024512706E+00  -.784278778618177E+00  -.374294082606023E+00  0.663947810311107E-01
-.793393088091440E+00  -.447732865936125E+00  -.935536778622671E+00  0.208830738399637E-01
0.638989172570020E+00  -.311893135544633E+00  -.376827586085902E+00  0.890525179755018E-01
-.358296633080311E+00  0.669774140489128E+00  -.235198365586537E+00  0.984369211561528E-01
0.576186470643548E+00  -.958976967406278E+00  -.241547276680206E+00  0.280396088001940E-01
-.715235085193965E+00  -.514897280330097E+00  -.540128072985041E+00  0.766962948045668E-01
0.863747695341423E+00  -.376154477110098E+00  0.579298724182869E+00  0.607563435335705E-01
-.501315825441900E+00  0.216891850164940E+00  -.991070920765326E+00  0.240157653364676E-01
-.250761354701766E+00  0.778414082644627E-01  0.879595398623922E+00  0.632833392289588E-01
0.571520478338727E+00  -.389591720533228E+00  0.321291255716965E+00  0.934532578378155E-01
0.982261203506887E+00  -.322790239790911E+00  0.924773945428981E+00  0.100543260337471E-01
0.734113721116054E+00  -.287411335586289E-01  0.740586730921879E+00  0.620517122608193E-01
0.367991477832648E+00  -.123088086118920E+00  0.931418142482843E-01  0.134519230487330E+00
-.333940600695178E-02  -.792721850392678E+00  0.804322086959971E+00  0.558661492085779E-01
0.805989832627827E+00  0.334640862461399E+00  0.176944502158505E+00  0.748495776852856E-01
0.776504406553414E+00  -.719202666476247E+00  -.531574319191302E+00  0.563620201735489E-01
-.738845200411523E+00  -.867586260901615E+00  0.223910559253339E+00  0.489659030736634E-01
0.834055955523813E+00  0.542246581451242E+00  -.952801369178294E+00  0.171973312433372E-01
0.792273605617746E+00  0.790108158005089E+00  -.110893395668105E+00  0.518347258684847E-01
0.565398209802346E+00  0.193066483328095E+00  0.498582904551755E+00  0.967617126828649E-01
0.702762949703628E+00  -.895229297104475E+00  0.718020841750369E+00  0.338790226100404E-01
-.184810697655229E-01  0.606444272537394E+00  -.501754929979311E+00  0.930401390572159E-01
-.956502614536714E+00  -.949214747482396E+00  -.629169036757802E+00  0.853390248875457E-02
-.421654008471999E+00  -.881623045077991E+00  0.450873544151676E+00  0.527026713220769E-01
-.192140926352295E+00  0.878208611446986E+00  0.956024042039951E+00  0.195855498260449E-01
0.307990562652656E+00  0.118962346931036E-01  -.634275646255010E+00  0.117180520959143E+00
-.916648118616186E+00  -.235899357619176E+00  -.172715608444813E+00  0.563850400255604E-01
-.739217764216589E+00  -.303034481361760E+00  0.674327009413370E+00  0.685320556273763E-01
0.167254844138180E+00  -.287561304031042E+00  0.714556309020650E+00  0.114155107137659E+00
-.735601004996574E+00  0.851315881724208E+00  -.985266927889753E+00  0.997461259503481E-02
0.981475200955901E+00  0.927116808504863E+00  0.571059256425338E+00  0.844087428935889E-02
-.277515671775552E-01  0.739736373228174E-01  0.461534544451691E+00  0.134159129617613E+00
0.961840860171373E+00  0.416040625549634E+00  -.281925937674980E+00  0.402580648974368E-01
-.959734520037629E+00  -.743685693061030E+00  -.163124007623100E+00  0.283861375099591E-01
-.336146432919209E+00  -.367054182485693E+00  0.882547084149806E+00  0.589947327967920E-01
0.778351416150898E+00  -.312338722674090E-01  -.118877700426702E+00  0.845657122663941E-01
-.338059449621461E+00  -.577063661317385E+00  0.517849216588001E+00  0.101154788021768E+00
-.439562539322096E+00  0.928719086260562E+00  -.677474640111312E+00  0.383422263669806E-01
0.203927733807909E+00  0.564769167593958E+00  0.423727441429255E+00  0.107656436781255E+00
0.575141152008645E+00  0.980205016988864E+00  0.990809656894493E+00  0.497047883221907E-02
0.364306612105513E+00  -.765371164737038E-01  0.947075398943988E+00  0.422356293148392E-01
-.999674681476734E+00  0.937381766104515E-01  0.226519871400423E+00  0.227273952367436E-01
0.884459673276402E+00  0.619261164235736E+00  0.509527556017117E+00  0.542965290518836E-01
-.941768705249938E+00  -.991759984561452E+00  0.131409718939914E+00  0.916044164888653E-02
-.726111295886477E+00  0.997772971559316E+00  -.878479018743936E+00  0.719702906260033E-02
-.898771744867803E+00  -.732058341750439E+00  -.833253755652336E+00  0.281309797921819E-01
-.103165433066574E+00  0.612487913798595E+00  0.745562103025228E+00  0.826673956266263E-01
-.922520169424329E+00  0.921218721783131E-01  -.739613644544495E+00  0.414382485149612E-01
-.738796272815543E+00  -.979481227911083E+00  0.686266836883074E+00  0.153656115911549E-01
0.166653131915724E+00  0.429855065689091E+00  -.959097275373076E+00  0.406067477463646E-01
0.823103479230388E+00  0.951815587694530E+00  0.817913373040928E+00  0.151982290683600E-01
-.270967237612927E+00  -.576483235473979E+00  -.989719063907971E+00  0.211323826097534E-01
-.477627087808454E-01  -.449169481928671E+00  0.184316432506934E+00  0.133439501043490E+00
0.582321136088347E+00  0.803425668323796E+00  -.977975301951961E+00  0.164000376212387E-01
0.166860686643940E+00  -.941947668166935E+00  -.541931213027829E+00  0.489198388149112E-01
-.470447931392722E+00  -.313426917078554E+00  -.814582270579128E+00  0.757281040910160E-01
-.782515560426894E+00  -.889750343650552E+00  -.388388927985763E+00  0.422919750698268E-01
0.836616378522302E+00  -.345391955962932E+00  -.857400871991044E+00  0.368857095558193E-01
0.836121469684527E+00  0.969899918543728E+00  0.176450661108156E+00  0.190814299815283E-01
-.352386664005061E+00  -.763871887723170E+00  -.693961897107956E+00  0.680014923771558E-01
0.165129790543301E+00  -.649922531839887E+00  -.881691935763910E+00  0.571196313239369E-01
0.661131779819531E+00  0.151792584228242E+00  -.882670024789283E+00  0.581680288068439E-01
0.987832578289156E+00  -.818344755540450E+00  0.416600575989573E+00  0.152859488421369E-01
0.621157023517399E+00  0.365594567182190E+00  -.445475271698513E+00  0.984899795297779E-01
-.627326379855924E+00  -.843474398636837E+00  -.952998109977354E+00  0.183334601669886E-01
-.471464725742015E+00  0.988031347986445E+00  0.837067536703700E+00  0.140024056494349E-01
-.636870644529606E+00  0.521664769496601E+00  -.794543774822278E+00  0.617099113067945E-01
-.997356096158988E+00  -.474175753929690E+00  -.636314118424177E+00  0.137856353158253E-01
-.723819354484329E-01  -.518703731390803E-01  -.891041750730717E+00  0.689436309984345E-01
0.294475128258394E+00  -.611665091062753E+00  -.256371345821197E+00  0.126251586397076E+00
0.815366940738201E+00  -.669823314983317E+00  -.959680883644676E+00  0.179164668387154E-01
0.841513699025253E-02  -.850101129315646E+00  0.115453245507469E+00  0.845905902122304E-01
0.803416098333106E+00  -.672473841731722E+00  0.154453274445904E+00  0.685877740083653E-01
0.914119106589396E+00  -.307171336848754E-01  -.595024108039651E+00  0.541129353335595E-01
0.933546293475272E+00  -.870202311621776E+00  -.467924618750941E+00  0.203173304866377E-01
0.504686726120170E+00  -.827133882387363E+00  -.774642604724066E+00  0.447038442920018E-01
-.654029883717355E+00  0.620119293571845E+00  0.282453480997622E+00  0.891339143584653E-01
0.788944763083439E+00  0.727839710165504E+00  -.609790013737931E+00  0.544328758519244E-01
-.322208883015580E-01  0.938147335114766E+00  -.495516090075995E+00  0.408389978714379E-01
0.954079787965820E+00  -.999641382635235E+00  0.855585839567193E+00  0.383308585598377E-02
-.147240069236808E+00  -.975814516654993E+00  0.729180978466738E+00  0.204611611998299E-01
-.984404986833061E+00  0.484210573470109E+00  -.443679039177025E+00  0.266570608420391E-01
0.934011577832415E+00  -.692107744829686E+00  0.784873431346700E+00  0.212474467161166E-01
0.654658800876157E+00  0.966506694492428E+00  -.780206670763139E+00  0.192791144693916E-01
-.918153653639598E+00  0.533498343157082E+00  0.563491552019493E+00  0.432235750633279E-01
0.151243557865064E+00  0.220324524911009E+00  -.187938618988733E+00  0.158092288558952E+00
0.934537840722596E+00  -.955795496428803E+00  -.707053653765782E-01  0.135640454280910E-01
-.539011935240206E+00  0.147466546468655E+00  -.493634120318465E+00  0.126584918988485E+00
-.998443992941795E+00  -.270715213931650E+00  -.996362391555473E+00  0.472179734141605E-02
0.958968657878305E+00  0.303737053842869E+00  0.793444290871484E+00  0.290085185718989E-01
0.275157136593358E+00  -.982230458644552E+00  0.368152253313058E+00  0.290246765063081E-01
-.284702104927425E+00  0.362975623480699E+00  0.131289025496318E+00  0.151116320019855E+00
0.654080952645312E+00  0.733240056088409E+00  0.748447470348278E+00  0.510059138017643E-01
0.794278579612123E+00  -.952528544604212E+00  0.398956418916689E+00  0.209768791896750E-01
0.513355311644796E+00  -.923836960278356E+00  -.986081263072576E+00  0.963226764753891E-02
-.837015091721767E+00  0.156138451895549E+00  0.886124046589625E+00  0.403806549118876E-01
0.547925401972967E+00  0.887308044184918E+00  0.403184850793444E+00  0.593101056638855E-01
-.914643414630946E+00  0.492112920745350E+00  -.935373774160038E+00  0.203049615698821E-01
-.895607747376165E+00  -.517126370634238E+00  0.326544629912275E+00  0.646903913628830E-01
-.596302954003074E+00  0.908488659442975E+00  -.155952509587348E+00  0.533788539799750E-01
-.563141490531158E+00  -.604990241883254E+00  -.705943489324164E-01  0.114677637062380E+00
-.426116429762679E+00  -.920162924846545E+00  0.968829435196088E+00  0.143871676354384E-01
-.211645168420879E+00  0.995068260593355E+00  0.122359931479064E+00  0.226092204223931E-01
0.777498159194203E+00  -.996498064378006E+00  -.761563329778129E+00  0.106619795290296E-01
-.940560201327933E+00  -.964916374029105E+00  -.973730394753777E+00  0.294388260851275E-02
0.369803057036987E+00  0.342492552410374E+00  0.794365298256346E+00  0.721451898537079E-01
0.438835283438055E-01  -.606753600267690E+00  0.991060460782878E+00  0.236076025254465E-01
-.918645530997437E+00  -.559522767001483E+00  0.954695790251036E+00  0.149576122095962E-01
-.346054988022686E+00  0.838579179113804E+00  0.508694214298766E+00  0.799025864054063E-01
0.981176433050732E+00  -.482070825944913E-02  -.997708360635423E+00  0.666884187388799E-02
-.603446455070680E+00  -.973921453721963E+00  -.752814211987654E+00  0.185686214328637E-01
-.782598285673618E+00  0.956656136588878E+00  0.362059814483324E+00  0.272454098214551E-01
-.545680148286253E+00  0.341859113296747E+00  0.697673736573276E+00  0.896753235644653E-01
-.255195209863060E+00  -.184239407713054E+00  -.257620805575889E+00  0.159157468331243E+00
-.807955846119366E+00  0.326039205485960E+00  -.125832371781226E+00  0.102083672627811E+00
0.970196748859845E+00  -.283302544871710E-01  0.306970820726602E+00  0.413142680260109E-01
0.632387286306517E-01  0.836437565223594E+00  0.893533965575381E-01  0.920267653603380E-01
0.918811157976604E+00  0.925429953323413E+00  -.926738374576099E+00  0.798957147040668E-02
0.601911596065718E+00  -.539598052675959E+00  0.894900071270058E+00  0.564687624912318E-01
0.323037803725038E-02  0.350412194199243E+00  0.977460331752291E+00  0.285221978375905E-01
0.999480271720350E+00  -.537721752392208E+00  -.738277291596227E+00  0.127317918571883E-01
0.379700084975027E+00  -.717942536555107E+00  0.543881259877961E+00  0.967972681270902E-01
-.287439973964671E+00  0.759790014793541E+00  -.915928627361384E+00  0.463726301680992E-01
-.999203465821399E+00  0.957541746551321E+00  0.623939094729973E+00  0.579501474817716E-02
0.569264207769270E-01  0.984425834587347E+00  -.956194289288940E+00  0.100327761120663E-01
0.941218736439005E+00  0.944898769612018E+00  -.448792319688019E+00  0.159889529466177E-01
0.854440324435616E+00  -.822215853642419E+00  0.984305001919788E+00  0.974708959301018E-02
0.952359914847552E+00  -.896248398813243E+00  -.901164286561215E+00  0.860282660687546E-02
-.977954992173933E+00  -.834203146835026E+00  0.620730173742590E+00  0.159964815212606E-01
0.421311429952720E+00  -.254513533779001E+00  -.976782435844703E+00  0.319110284790018E-01
-.664485834545232E+00  -.165529876095551E+00  0.999663207114879E+00  0.178751917665815E-01
-.879629346300337E+00  0.940400567438774E+00  0.977736488047192E+00  0.559238345668588E-02
0.390767384395858E+00  -.941496014788156E+00  0.929961011211239E+00  0.200695792981724E-01
-.980690184360693E+00  -.208895807210950E+00  0.783154807610551E+00  0.211363765077144E-01
-.579262169373159E+00  0.610257115163135E+00  0.950788606259905E+00  0.358556651219559E-01
-.918975704935877E+00  0.976310837262958E+00  -.361802743870475E+00  0.136787686300061E-01
0.950659851401982E+00  -.459892198534266E+00  -.153139998142548E+00  0.469825042347953E-01
-.378401753959716E+00  -.981365137876518E+00  -.144698632117359E+00  0.343583491492149E-01
-.818140377626003E-01  -.948959253762464E+00  -.912191208206668E+00  0.213548785691458E-01
-.906789166964202E+00  -.929944009538677E+00  0.931368091948911E+00  0.826757863727093E-02
0.951716354611659E+00  0.789723913351800E+00  0.948342897476211E+00  0.990370276448882E-02
-.940641050293946E+00  0.785488077888987E+00  0.661262670601252E-01  0.400983026645353E-01

15         188
-.105595421066592E-01  -.999114012782178E+00  0.194019932967024E+00  0.130100187128095E-01
0.105595421066592E-01  0.999114012782178E+00  -.194019932967024E+00  0.130100187128095E-01
-.645381266332696E+00  0.977485135494982E+00  0.271766565588698E+00  0.191690269483407E-01
0.645381266332696E+00  -.977485135494982E+00  -.271766565588698E+00  0.191690269483407E-01
-.487045541240224E+00  0.928848878213540E+00  -.406456080816351E-01  0.368473061110751E-01
0.487045541240224E+00  -.928848878213540E+00  0.406456080816351E-01  0.368473061110751E-01
0.652776227251506E+00  -.760777954018563E+00  -.519257828948486E+00  0.578103097750674E-01
-.652776227251506E+00  0.760777954018563E+00  0.519257828948486E+00  0.578103097750674E-01
0.572768999435053E+00  0.259186211876989E+00  0.369162584266375E+00  0.989640152873378E-01
-.572768999435053E+00  -.259186211876989E+00  -.369162584266375E+00  0.989640152873378E-01
-.267214364034536E-01  -.494698240947937E+00  -.315067993214754E+00  0.948935370006529E-01
0.267214364034536E-01  0.494698240947937E+00  0.315067993214754E+00  0.948935370006529E-01
0.471405989099728E+00  0.474283245780209E+00  -.471342249781687E+00  0.955441294245040E-01
-.471405989099728E+00  -.474283245780209E+00  0.471342249781687E+00  0.955441294245040E-01
-.791192362445440E+00  0.798922650907142E+00  -.730260379631494E+00  0.286891817692813E-01
0.791192362445440E+00  -.798922650907142E+00  0.730260379631494E+00  0.286891817692813E-01
-.282569924345975E+00  0.646557273433980E+00  -.150603176199544E+00  0.926257450835699E-01
0.282569924345975E+00  -.646557273433980E+00  0.150603176199544E+00  0.926257450835699E-01
0.486994699277709E+00  0.701750451435809E+00  0.476741786138044E-01  0.106066020579996E+00
-.486994699277709E+00  -.701750451435809E+00  -.476741786138044E-01  0.106066020579996E+00
0.764585728982292E+00  0.991045405087060E+00  0.900091110860377E+00  0.580001204345588E-02
-.764585728982292E+00  -.991045405087060E+00  -.900091110860377E+00  0.580001204345588E-02
-.356055069112185E+00  0.813379258959207E+00  0.585253654489825E+00  0.409740791771367E-01
0.356055069112185E+00  -.813379258959207E+00  -.585253654489825E+00  0.409740791771367E-01
0.680016235148009E+00  -.312781984209733E+00  -.801819613763643E+00  0.619601285238450E-01
-.680016235148009E+00  0.312781984209733E+00  0.801819613763643E+00  0.619601285238450E-01
-.668269478206155E+00  0.359354788767436E+00  -.864626983189731E+00  0.442763788966981E-01
0.668269478206155E+00  -.359354788767436E+00  0.864626983189731E+00  0.442763788966981E-01
-.473511834319619E+00  0.360890086900237E-01  -.672511489208098E+00  0.791891046222112E-01
0.473511834319619E+00  -.360890086900237E-01  0.672511489208098E+00  0.791891046222112E-01
0.170804304702585E+00  0.270634851234628E+00  -.100571267844298E+00  0.143824816307487E+00
-.170804304702585E+00  -.270634851234628E+00  0.100571267844298E+00  0.143824816307487E+00
-.450921744377968E+00  -.389140814973332E+00  -.895142638686421E+00  0.463503115052126E-01
0.450921744377968E+00  0.389140814973332E+00  0.895142638686421E+00  0.463503115052126E-01
0.349397675444462E+00  0.222518009169802E+00  -.864048395904696E+00  0.746574046519156E-01
-.349397675444462E+00  -.222518009169802E+00  0.864048395904696E+00  0.746574046519156E-01
-.975580458164020E+00  -.257963444533359E+00  -.372568512375187E+00  0.247399361398116E-01
0.975580458164020E+00  0.257963444533359E+00  0.372568512375187E+00  0.247399361398116E-01
-.528370423077448E+00  -.916121422620584E+00  -.756484359393208E+00  0.295169119259829E-01
0.528370423077448E+00  0.916121422620584E+00  0.756484359393208E+00  0.295169119259829E-01
0.695593103158929E+00  -.159300972226628E+00  -.311511396972133E-01  0.800145686582317E-01
-.695593103158929E+00  0.159300972226628E+00  0.311511396972133E-01  0.800145686582317E-01
0.787693814293505E+00  0.350464181840877E+00  0.776396240107538E-02  0.782512448493644E-01
-.787693814293505E+00  -.350464181840877E+00  -.776396240107538E-02  0.782512448493644E-01
-.954738427692130E+00  0.268393823798274E+00  0.950899813270108E+00  0.116390282111013E-01
0.954738427692130E+00  -.268393823798274E+00  -.950899813270108E+00  0.116390282111013E-01
0.751394250057748E+00  0.752916637227116E+00  0.475778257001077E+00  0.555754236996381E-01
-.751394250057748E+00  -.752916637227116E+00  -.475778257001077E+00  0.555754236996381E-01
0.958312142108385E+00  -.914762034678897E+00  -.317624569651803E+00  0.171532971105322E-01
-.958312142108385E+00  0.914762034678897E+00  0.317624569651803E+00  0.171532971105322E-01
-.353192250079344E+00  -.935420695327157E+00  -.417972514544974E+00  0.417478840688904E-01
0.353192250079344E+00  0.935420695327157E+00  0.417972514544974E+00  0.417478840688904E-01
0.905156933796842E+00  -.974079312022855E+00  0.318206407974316E+00  0.141504706714231E-01
-.905156933796842E+00  0.974079312022855E+00  -.318206407974316E+00  0.141504706714231E-01
0.233481166974221E+00  0.823458033702744E+00  -.713217950841292E+00  0.535337808496292E-01
-.233481166974221E+00  -.823458033702744E+00  0.713217950841292E+00  0.535337808496292E-01
-.881796658935730E+00  -.569856352262875E+00  0.330370950111837E+00  0.503436773515741E-01
0.881796658935730E+00  0.569856352262875E+00  -.330370950111837E+00  0.503436773515741E-01
-.295821750878448E+00  0.929023810249077E+00  -.560173675088104E+00  0.451688596151078E-01
0.295821750878448E+00  -.929023810249077E+00  0.560173675088104E+00  0.451688596151078E-01
-.996525839107845E+00  0.542841947497923E+00  -.966984177347046E-01  0.180160910744724E-01
0.996525839107845E+00  -.542841947497923E+00  0.966984177347046E-01  0.180160910744724E-01
-.930460275435393E+00  0.495900973692811E+00  -.665896224301843E+00  0.270963152414800E-01
0.930460275435393E+00  -.495900973692811E+00  0.665896224301843E+00  0.270963152414800E-01
-.521723650171639E+00  -.871309743670759E+00  0.962144374171546E+00  0.171238442808761E-01
0.521723650171639E+00  0.871309743670759E+00  -.962144374171546E+00  0.171238442808761E-01
0.996247599341841E+00  -.185913313728069E+00  0.904347334490473E+00  0.951885581293852E-02
-.996247599341841E+00  0.185913313728069E+00  -.904347334490473E+00  0.951885581293852E-02
-.607564830250712E+00  0.523818073948927E+00  -.466663546587190E+00  0.874543493739617E-01
0.607564830250712E+00  -.523818073948927E+00  0.466663546587190E+00  0.874543493739617E-01
0.885128892551471E+00  0.386785477059870E-01  0.683610447108965E+00  0.451464764649334E-01
-.885128892551471E+00  -.386785477059870E-01  -.683610447108965E+00  0.451464764649334E-01
0.976854988931498E+00  -.808926754856776E+00  0.552425727640895E+00  0.122506417592424E-01
-.976854988931498E+00  0.808926754856776E+00  -.552425727640895E+00  0.122506417592424E-01
-.714131320026235E-01  -.720227127853415E+00  0.405253953795109E+00  0.786171502635206E-01
0.714131320026235E-01  0.720227127853415E+00  -.405253953795109E+00  0.786171502635206E-01
-.382525148939266E+00  0.547479743742671E+00  0.781097588544262E+00  0.606651752586542E-01
0.382525148939266E+00  -.547479743742671E+00  -.781097588544262E+00  0.606651752586542E-01
0.863956760907938E+00  -.241981566086366E+00  0.311722436097436E+00  0.675200755047041E-01
-.863956760907938E+00  0.241981566086366E+00  -.311722436097436E+00  0.675200755047041E-01
0.996661444803426E+00  0.765088812364938E+00  -.955262291342347E+00  0.423430078053495E-02
-.996661444803426E+00  -.765088812364938E+00  0.955262291342347E+00  0.423430078053495E-02
-.805415406098290E-01  -.137215650550446E+00  -.894851395642200E+00  0.680127491941703E-01
0.805415406098290E-01  0.137215650550446E+00  0.894851395642200E+00  0.680127491941703E-01
-.517745925329059E+00  -.721225441708641E+00  -.978895226609594E+00  0.173080835629637E-01
0.517745925329059E+00  0.721225441708641E+00  0.978895226609594E+00  0.173080835629637E-01
0.913245982419980E+00  0.196554622220468E+00  -.870399578699962E+00  0.278654744931537E-01
-.913245982419980E+00  -.196554622220468E+00  0.870399578699962E+00  0.278654744931537E-01
-.936601289248911E-01  0.850000441228389E+00  0.238677127090950E+00  0.753288245810737E-01
0.936601289248911E-01  -.850000441228389E+00  -.238677127090950E+00  0.753288245810737E-01
0.747442798148119E+00  0.433850842838355E+00  0.711485110360667E+00  0.454643393280740E-01
-.747442798148119E+00  -.433850842838355E+00  -.711485110360667E+00  0.454643393280740E-01
-.970516041229944E+00  -.560214162132764E+00  -.819698188281028E+00  0.161292383274383E-01
0.970516041229944E+00  0.560214162132764E+00  0.819698188281028E+00  0.161292383274383E-01
-.318319115953794E+00  0.264617818090319E+00  -.996883629217182E+00  0.211878171213985E-01
0.318319115953794E+00  -.264617818090319E+00  0.996883629217182E+00  0.211878171213985E-01
0.761203660079254E+00  0.122451421444876E+00  -.596049760449181E+00  0.757793459854759E-01
-.761203660079254E+00  -.122451421444876E+00  0.596049760449181E+00  0.757793459854759E-01
0.577785292683340E+00  -.597020854364994E-01  -.986288444614030E+00  0.228868374509743E-01
-.577785292683340E+00  0.597020854364994E-01  0.986288444614030E+00  0.228868374509743E-01
0.421813525422108E-01  0.818207397807723E+00  0.846836721587324E+00  0.478286204634554E-01
-.421813525422108E-01  -.818207397807723E+00  -.846836721587324E+00  0.478286204634554E-01
-.946520342995121E+00  0.254324261330909E+00  0.632563960472652E+00  0.243123274639012E-01
0.946520342995121E+00  -.254324261330909E+00  -.632563960472652E+00  0.243123274639012E-01
-.372313954748875E+00  0.716025391923927E+00  -.854517871428180E+00  0.576742422051147E-01
0.372313954748875E+00  -.716025391923927E+00  0.854517871428180E+00  0.576742422051147E-01
-.257340040383642E+00  -.937581379298378E+00  0.157451698598501E+00  0.368265135166021E-01
0.257340040383642E+00  0.937581379298378E+00  -.157451698598501E+00  0.368265135166021E-01
0.955149746214878E+00  -.925906135343663E+00  0.903581745949537E+00  0.667723110101269E-02
-.955149746214878E+00  0.925906135343663E+00  -.903581745949537E+00  0.667723110101269E-02
0.107612781798825E+00  -.377501293344565E+00  0.674376545126827E+00  0.111211008509775E+00
-.107612781798825E+00  0.377501293344565E+00  -.674376545126827E+00  0.111211008509775E+00
-.485947058749223E+00  0.453970023412109E+00  0.191436345895699E+00  0.102429983203693E+00
0.485947058749223E+00  -.453970023412109E+00  -.191436345895699E+00  0.102429983203693E+00
-.875166328188577E+00  -.292200540588601E+00  -.980590701868765E+00  0.136271661404516E-01
0.875166328188577E+00  0.292200540588601E+00  0.980590701868765E+00  0.136271661404516E-01
-.596641008734291E+00  0.893822895220188E+00  -.992351568375185E+00  0.914363991350558E-02
0.596641008734291E+00  -.893822895220188E+00  0.992351568375185E+00  0.914363991350558E-02
0.964873451731792E+00  0.201550002673840E-01  -.201461516453180E+00  0.388380531694695E-01
-.964873451731792E+00  -.201550002673840E-01  0.201461516453180E+00  0.388380531694695E-01
-.974306229610721E+00  -.982136762858371E+00  0.477426345236759E+00  0.617907862618726E-02
0.974306229610721E+00  0.982136762858371E+00  -.477426345236759E+00  0.617907862618726E-02
0.188896084845766E+00  -.537185222413857E+00  -.981145384696910E+00  0.264558766364393E-01
-.188896084845766E+00  0.537185222413857E+00  0.981145384696910E+00  0.264558766364393E-01
-.825653064843376E+00  0.948558315223043E+00  0.750186229696615E+00  0.191951167729629E-01
0.825653064843376E+00  -.948558315223043E+00  -.750186229696615E+00  0.191951167729629E-01
-.120554833810179E+00  -.598643912248199E+00  0.957906477227096E+00  0.332777933543338E-01
0.120554833810179E+00  0.598643912248199E+00  -.957906477227096E+00  0.332777933543338E-01
0.492055872416703E+00  0.987762612391285E+00  -.684320412958495E+00  0.168864723375693E-01
-.492055872416703E+00  -.987762612391285E+00  0.684320412958495E+00  0.168864723375693E-01
-.829963224337540E+00  0.751268646082298E+00  -.253210953907319E-01  0.576887469424718E-01
0.829963224337540E+00  -.751268646082298E+00  0.253210953907319E-01  0.576887469424718E-01
-.992784220455113E+00  -.469677806996155E+00  0.634958672199518E+00  0.151411389874008E-01
0.992784220455113E+00  0.469677806996155E+00  -.634958672199518E+00  0.151411389874008E-01
0.937340392240162E+00  0.614831692501836E+00  0.315738698162982E+00  0.249927320469135E-01
-.937340392240162E+00  -.614831692501836E+00  -.315738698162982E+00  0.249927320469135E-01
-.180207978985548E+00  0.997620207978711E+00  0.651410702198522E+00  0.180502736684066E-01
0.180207978985548E+00  -.997620207978711E+00  -.651410702198522E+00  0.180502736684066E-01
-.971860806806115E+00  0.726455650763442E+00  0.758863317738330E+00  0.163081463973594E-01
0.971860806806115E+00  -.726455650763442E+00  -.758863317738330E+00  0.163081463973594E-01
0.857291028305189E+00  0.962254849623951E+00  -.909082983523063E+00  0.806491709608374E-02
-.857291028305189E+00  -.962254849623951E+00  0.909082983523063E+00  0.806491709608374E-02
-.959027304934195E+00  -.834550610255756E+00  0.160774830886915E-01  0.227643884521478E-01
0.959027304934195E+00  0.834550610255756E+00  -.160774830886915E-01  0.227643884521478E-01
0.795054124771929E+00  0.754589979516896E+00  0.873411736230250E+00  0.200326247949034E-01
-.795054124771929E+00  -.754589979516896E+00  -.873411736230250E+00  0.200326247949034E-01
-.806532739432670E+00  -.497628471126065E+00  0.972236445604718E+00  0.165341258905859E-01
0.806532739432670E+00  0.497628471126065E+00  -.972236445604718E+00  0.165341258905859E-01
-.260196207418376E+00  0.946811058884263E-01  -.263070210654790E+00  0.126820015899878E+00
0.260196207418376E+00  -.946811058884263E-01  0.263070210654790E+00  0.126820015899878E+00
-.868382235286280E+00  0.490627289300067E+00  0.402093013322432E+00  0.583963005120164E-01
0.868382235286280E+00  -.490627289300067E+00  -.402093013322432E+00  0.583963005120164E-01
-.188441745289437E+00  -.971176560577544E+00  -.978832001277061E+00  0.692047116185366E-02
0.188441745289437E+00  0.971176560577544E+00  0.978832001277061E+00  0.692047116185366E-02
0.492254784089928E+00  -.912512326960653E+00  -.931217342558194E+00  0.220484111139810E-01
-.492254784089928E+00  0.912512326960653E+00  0.931217342558194E+00  0.220484111139810E-01
0.257169981641916E+00  0.591951268640607E+00  0.629772127030423E+00  0.921979048409721E-01
-.257169981641916E+00  -.591951268640607E+00  -.629772127030423E+00  0.921979048409721E-01
-.780870575843469E+00  -.976543750745017E+00  -.155934694530573E+00  0.224772843940057E-01
0.780870575843469E+00  0.976543750745017E+00  0.155934694530573E+00  0.224772843940057E-01
-.721197983449404E+00  0.218261222990725E-01  -.933264708978278E+00  0.225381573756448E-01
0.721197983449404E+00  -.218261222990725E-01  0.933264708978278E+00  0.225381573756448E-01
0.879287201778478E+00  -.614700578726657E+00  0.958661884644222E+00  0.155889905415174E-01
-.879287201778478E+00  0.614700578726657E+00  -.958661884644222E+00  0.155889905415174E-01
-.803251438703902E+00  0.681272328912636E+00  0.942478619366063E+00  0.237218653727704E-01
0.803251438703902E+00  -.681272328912636E+00  -.942478619366063E+00  0.237218653727704E-01
-.970988107260315E+00  0.961214667329405E+00  0.989386903784809E+00  0.191589140894903E-02
0.970988107260315E+00  -.961214667329405E+00  -.989386903784809E+00  0.191589140894903E-02
0.950016831660788E+00  0.931036196559826E+00  0.617944136563694E+00  0.140501414965677E-01
-.950016831660788E+00  -.931036196559826E+00  -.617944136563694E+00  0.140501414965677E-01
0.508100660304085E+00  0.499050948096783E-02  -.348198710463080E+00  0.752210513604949E-01
-.508100660304085E+00  -.499050948096783E-02  0.348198710463080E+00  0.752210513604949E-01
0.184606844041516E+00  -.170356070333968E+00  -.573636677231361E+00  0.128307041936787E+00
-.184606844041516E+00  0.170356070333968E+00  0.573636677231361E+00  0.128307041936787E+00
0.693455063171760E+00  0.881896150138161E+00  -.359741347231116E+00  0.524299647587433E-01
-.693455063171760E+00  -.881896150138161E+00  0.359741347231116E+00  0.524299647587433E-01
-.945919836251144E+00  -.878298857457472E+00  -.969229300309931E+00  0.462871166513083E-02
0.945919836251144E+00  0.878298857457472E+00  0.969229300309931E+00  0.462871166513083E-02
0.658710461560210E+00  -.847181719141418E+00  0.399212727137287E+00  0.333267515018413E-01
-.658710461560210E+00  0.847181719141418E+00  -.399212727137287E+00  0.333267515018413E-01
-.694553621859300E+00  0.986936587179128E+00  -.785504402327084E+00  0.114538516488566E-01
0.694553621859300E+00  -.986936587179128E+00  0.785504402327084E+00  0.114538516488566E-01
0.445389248079960E-01  -.956153617832643E+00  0.915984434637544E+00  0.180954765398383E-01
-.445389248079960E-01  0.956153617832643E+00  -.915984434637544E+00  0.180954765398383E-01
-.639979414495798E+00  -.614045276030775E+00  0.799365977473403E+00  0.518315881106915E-01
0.639979414495798E+00  0.614045276030775E+00  -.799365977473403E+00  0.518315881106915E-01
0.881021246349883E+00  0.812615712023870E+00  -.717554810955256E+00  0.277973152367887E-01
-.881021246349883E+00  -.812615712023870E+00  0.717554810955256E+00  0.277973152367887E-01

