2 5 7
-3.341503192259176e-17 -4.739193452314756e-01  2.293133992547294e-01
-4.104261923153454e-01  2.369596726157377e-01  2.293133992547294e-01
 4.104261923153452e-01  2.369596726157377e-01  2.293133992547295e-01
-6.961404780296310e-01 -4.019168923842023e-01  2.181330593672305e-01
 6.961404780296310e-01 -4.019168923842023e-01  2.181330593672305e-01
-8.613445234246781e-17  8.038337847684045e-01  2.181330593672305e-01
-4.269082981790072e-18 -4.592789050490808e-17  3.897114317029973e-01
3 6 12
-3.261500480876145e-01 -4.853003426876225e-01  1.435022724327538e-01
 3.261500480876139e-01 -4.853003426876225e-01  1.435022724327538e-01
-5.833574492765821e-01 -3.980405574557921e-02  1.435022724327537e-01
-2.572074011889678e-01  5.251043984332014e-01  1.435022724327535e-01
 2.572074011889675e-01  5.251043984332012e-01  1.435022724327541e-01
 5.833574492765818e-01 -3.980405574557902e-02  1.435022724327537e-01
-8.107329565254933e-01 -4.680768906908948e-01  8.806596113928065e-02
 8.107329565254929e-01 -4.680768906908948e-01  8.806596113928085e-02
-1.282966263390447e-16  9.361537813817893e-01  8.806596113928079e-02
-2.521397644872701e-01 -1.455729609001341e-01  2.022797631848370e-01
 2.521397644872693e-01 -1.455729609001336e-01  2.022797631848377e-01
-9.489875417165281e-16  2.911459218002679e-01  2.022797631848372e-01
4 8 18
-5.246766593095336e-01 -5.079839923748793e-01  8.026262811110592e-02
-2.948680263584746e-16 -5.116003399924850e-01  9.313763606776519e-02
 5.246766593095330e-01 -5.079839923748792e-01  8.026262811110599e-02
-7.022653717672523e-01 -2.003913195473690e-01  8.026262811110599e-02
-4.430588910182476e-01  2.558001699962429e-01  9.313763606776514e-02
-1.775887124577192e-01  7.083753119222487e-01  8.026262811110602e-02
 1.775887124577192e-01  7.083753119222489e-01  8.026262811110590e-02
 4.430588910182476e-01  2.558001699962428e-01  9.313763606776523e-02
 7.022653717672523e-01 -2.003913195473691e-01  8.026262811110613e-02
-8.709897152579315e-01 -5.028661465655622e-01  4.153120385336338e-02
 8.709897152579312e-01 -5.028661465655621e-01  4.153120385336342e-02
 7.875014187910052e-19  1.005732293131125e+00  4.153120385336329e-02
-4.276170488013624e-01 -2.468848182355399e-01  1.263424254713663e-01
-5.926646987469041e-16 -2.488270293896033e-01  1.558137475749186e-01
 4.276170488013615e-01 -2.468848182355398e-01  1.263424254713665e-01
-2.154905285996137e-01  1.244135146948016e-01  1.558137475749187e-01
 2.154905285996133e-01  1.244135146948013e-01  1.558137475749187e-01
 2.173070818833291e-16  4.937696364710792e-01  1.263424254713666e-01
5 10 25
-6.597081909803312e-01 -5.190049275863684e-01  5.078869043708935e-02
-2.439671615063538e-01 -5.265880091395595e-01  6.130584790619168e-02
 2.439671615062141e-01 -5.265880091395572e-01  6.130584790619809e-02
 6.597081909802238e-01 -5.190049275863442e-01  5.078869043711801e-02
-7.793255474692148e-01 -3.118215886804188e-01  5.078869043710930e-02
-5.780221739962950e-01  5.201224501611458e-02  6.130584790618674e-02
-3.340550124900520e-01  4.745757641233133e-01  6.130584790617670e-02
-1.196173564889894e-01  8.308265162666495e-01  5.078869043713403e-02
 1.196173564889074e-01  8.308265162668881e-01  5.078869043707807e-02
 3.340550124899190e-01  4.745757641235056e-01  6.130584790620505e-02
 5.780221739962308e-01  5.201224501623648e-02  6.130584790619562e-02
 7.793255474691987e-01 -3.118215886803782e-01  5.078869043711253e-02
-9.144894991348539e-01 -5.279807584965831e-01  1.896818781367652e-02
 9.144894991348208e-01 -5.279807584965763e-01  1.896818781368745e-02
-3.664089335299057e-14  1.055961516993170e+00  1.896818781368063e-02
-5.112606463777011e-01 -2.951764718123086e-01  9.119585159655365e-02
-1.797967440495063e-01 -3.230652827116739e-01  9.747510777089054e-02
 1.797967440496666e-01 -3.230652827116469e-01  9.747510777087698e-02
 5.112606463777104e-01 -2.951764718122061e-01  9.119585159653935e-02
-3.696811139339168e-01  5.824093491118555e-03  9.747510777093565e-02
-2.112689795179415e-14  1.040437195375479e-14  1.441408126530505e-01
 3.696811139339366e-01  5.824093491110171e-03  9.747510777084728e-02
-1.898843698842415e-01  3.172411892206928e-01  9.747510777092237e-02
 1.898843698843852e-01  3.172411892203243e-01  9.747510777086769e-02
 1.635237968098318e-13  5.903529436244689e-01  9.119585159655323e-02
6 12 33
-7.417621176364754e-01 -5.327775861553719e-01  2.999259207580204e-02
-4.145105057978647e-01 -5.377931174205396e-01  3.872306707968352e-02
-1.005433828146675e-15 -5.365341100745247e-01  4.456751440779910e-02
 4.145105057978629e-01 -5.377931174205389e-01  3.872306707968425e-02
 7.417621176364751e-01 -5.327775861553723e-01  2.999259207580196e-02
-8.322799829957427e-01 -3.759960443604430e-01  2.999259207580188e-02
-6.729977545655459e-01 -9.008006944621713e-02  3.872306707968426e-02
-4.646521693214145e-01  2.682670550372629e-01  4.456751440779909e-02
-2.584872487676826e-01  6.278731868667573e-01  3.872306707968354e-02
-9.051786535926681e-02  9.087736305158148e-01  2.999259207580202e-02
 9.051786535926694e-02  9.087736305158152e-01  2.999259207580187e-02
 2.584872487676826e-01  6.278731868667558e-01  3.872306707968429e-02
 4.646521693214152e-01  2.682670550372616e-01  4.456751440779908e-02
 6.729977545655472e-01 -9.008006944621812e-02  3.872306707968351e-02
 8.322799829957422e-01 -3.759960443604431e-01  2.999259207580198e-02
-9.360479486403689e-01 -5.404275351219141e-01  1.068027743403330e-02
 9.360479486403688e-01 -5.404275351219140e-01  1.068027743403329e-02
-1.689909682249099e-16  1.080855070243828e+00  1.068027743403330e-02
-6.172715633752425e-01 -3.563819032777967e-01  6.026863550189229e-02
-3.332299660942737e-01 -3.775694763329872e-01  6.992558923207388e-02
 2.529301074661277e-15 -3.685494391834558e-01  7.567770705184863e-02
 3.332299660942740e-01 -3.775694763329845e-01  6.992558923207340e-02
 6.172715633752419e-01 -3.563819032777971e-01  6.026863550189232e-02
-4.935997412450882e-01 -9.980087777337546e-02  6.992558923207354e-02
-1.863688449636510e-01 -1.076001028083261e-01  1.088736380189335e-01
 1.863688449636536e-01 -1.076001028083224e-01  1.088736380189334e-01
 4.935997412450908e-01 -9.980087777337401e-02  6.992558923207377e-02
-3.191731768833816e-01  1.842747195917266e-01  7.567770705184851e-02
-2.088341684430466e-15  2.152002056166485e-01  1.088736380189334e-01
 3.191731768833797e-01  1.842747195917300e-01  7.567770705184840e-02
-1.603697751508173e-01  4.773703541063619e-01  6.992558923207376e-02
 1.603697751508151e-01  4.773703541063599e-01  6.992558923207341e-02
 4.603907069027200e-16  7.127638065555943e-01  6.026863550189232e-02
7 14 49
-8.083756192293443e-01 -5.424181522260942e-01  1.817858376750966e-02
-5.469731930503885e-01 -5.491888858648127e-01  2.270157310607787e-02
-1.932259945430004e-01 -5.475756872446018e-01  2.883922184578400e-02
 1.932259945430007e-01 -5.475756872446020e-01  2.883922184578393e-02
 5.469731930503892e-01 -5.491888858648126e-01  2.270157310607800e-02
 8.083756192293448e-01 -5.424181522260944e-01  1.817858376750960e-02
-8.739357089162846e-01 -4.288647459395415e-01  1.817858376750961e-02
-7.490981231601946e-01 -1.990982374383202e-01  2.270157310607800e-02
-5.708274529200481e-01  1.064492236765495e-01  2.883922184578393e-02
-3.776014583770476e-01  4.411264635680530e-01  2.883922184578399e-02
-2.021249301098061e-01  7.482871233031332e-01  2.270157310607785e-02
-6.556008968694008e-02  9.712828981656358e-01  1.817858376750961e-02
 6.556008968693980e-02  9.712828981656362e-01  1.817858376750958e-02
 2.021249301098055e-01  7.482871233031337e-01  2.270157310607797e-02
 3.776014583770472e-01  4.411264635680536e-01  2.883922184578393e-02
 5.708274529200476e-01  1.064492236765501e-01  2.883922184578400e-02
 7.490981231601941e-01 -1.990982374383193e-01  2.270157310607788e-02
 8.739357089162840e-01 -4.288647459395408e-01  1.817858376750970e-02
-9.561065741733120e-01 -5.520083879729327e-01  5.305378639136001e-03
 9.561065741733120e-01 -5.520083879729324e-01  5.305378639136016e-03
-1.294897351462430e-16  1.104016775945865e+00  5.305378639135961e-03
-6.961072131850237e-01 -4.018976869172136e-01  3.374738254555380e-02
-5.486763498416940e-01 -4.431585121028256e-01  2.367384179187530e-02
-3.263226106500207e-01 -4.258242253830563e-01  4.750816537379451e-02
 1.647497702593711e-16 -4.267088829431766e-01  5.588418565553745e-02
 3.263226106500209e-01 -4.258242253830566e-01  4.750816537379461e-02
 5.486763498416946e-01 -4.431585121028250e-01  2.367384179187501e-02
 6.961072131850232e-01 -4.018976869172140e-01  3.374738254555381e-02
-6.581247043052074e-01 -2.535884013672134e-01  2.367384179187511e-02
-4.138314624320292e-01 -2.389257062342683e-01  5.747769671215706e-02
-1.374495738413586e-01 -2.312296523895379e-01  6.080655636821851e-02
 1.374495738413574e-01 -2.312296523895376e-01  6.080655636821871e-02
 4.138314624320287e-01 -2.389257062342685e-01  5.747769671215721e-02
 6.581247043052073e-01 -2.535884013672122e-01  2.367384179187547e-02
-5.319359020535680e-01 -6.969155796064827e-02  4.750816537379457e-02
-2.689755399982638e-01 -3.419996491192210e-03  6.080655636821864e-02
-1.600563938220026e-16 -2.818045663009684e-16  6.455922339216497e-02
 2.689755399982637e-01 -3.419996491191905e-03  6.080655636821865e-02
 5.319359020535672e-01 -6.969155796064769e-02  4.750816537379443e-02
-3.695407326492713e-01  2.133544414715882e-01  5.588418565553745e-02
-1.315259661569058e-01  2.346496488807299e-01  6.080655636821864e-02
 1.315259661569055e-01  2.346496488807300e-01  6.080655636821868e-02
 3.695407326492712e-01  2.133544414715885e-01  5.588418565553731e-02
-2.056132914035466e-01  4.955157833437048e-01  4.750816537379466e-02
 1.103364667120040e-16  4.778514124685374e-01  5.747769671215709e-02
 2.056132914035470e-01  4.955157833437042e-01  4.750816537379449e-02
-1.094483544635130e-01  6.967469134700393e-01  2.367384179187522e-02
 1.094483544635130e-01  6.967469134700375e-01  2.367384179187520e-02
 3.524517290251048e-16  8.037953738344273e-01  3.374738254555378e-02
8 16 60
-8.470273274472351e-01 -5.487582322105412e-01  1.207371329331697e-02
-6.357090341403985e-01 -5.561335031521529e-01  1.397980077034187e-02
-3.398932513583953e-01 -5.515586702150320e-01  2.128494893945609e-02
-8.231047551214999e-16 -5.524246608486481e-01  2.214639827051566e-02
 3.398932513583940e-01 -5.515586702150319e-01  2.128494893945602e-02
 6.357090341403974e-01 -5.561335031521526e-01  1.397980077034214e-02
 8.470273274472345e-01 -5.487582322105411e-01  1.207371329331701e-02
-8.987522333537858e-01 -4.591680671636747e-01  1.207371329331702e-02
-7.994802586955964e-01 -2.724734214047773e-01  1.397980077034204e-02
-6.476104457629785e-01 -1.857685514374382e-02  2.128494893945601e-02
-4.784137899719323e-01  2.762123304243232e-01  2.214639827051562e-02
-3.077171944045844e-01  5.701355253587743e-01  2.128494893945601e-02
-1.637712245551990e-01  8.286069245569290e-01  1.397980077034210e-02
-5.172490590655179e-02  1.007926299374215e+00  1.207371329331704e-02
 5.172490590655094e-02  1.007926299374216e+00  1.207371329331699e-02
 1.637712245551982e-01  8.286069245569307e-01  1.397980077034190e-02
 3.077171944045833e-01  5.701355253587760e-01  2.128494893945608e-02
 4.784137899719313e-01  2.762123304243247e-01  2.214639827051570e-02
 6.476104457629779e-01 -1.857685514374260e-02  2.128494893945606e-02
 7.994802586955960e-01 -2.724734214047764e-01  1.397980077034204e-02
 8.987522333537855e-01 -4.591680671636743e-01  1.207371329331705e-02
-9.664302817066940e-01 -5.579687832963657e-01  3.209161047356318e-03
 9.664302817066937e-01 -5.579687832963653e-01  3.209161047356362e-03
-1.914267518269988e-16  1.115937566592731e+00  3.209161047356346e-03
-7.441929868575466e-01 -4.296600212912368e-01  2.655547818999498e-02
-6.129633309407096e-01 -4.792135602822751e-01  1.744145610198900e-02
-4.286679402578831e-01 -4.436362863741093e-01  3.371467947972218e-02
-1.537452858316067e-01 -4.483831483967273e-01  4.277441866356885e-02
 1.537452858316055e-01 -4.483831483967277e-01  4.277441866356876e-02
 4.286679402578827e-01 -4.436362863741102e-01  3.371467947972218e-02
 6.129633309407098e-01 -4.792135602822729e-01  1.744145610198901e-02
 7.441929868575469e-01 -4.296600212912364e-01  2.655547818999492e-02
-7.214927825127893e-01 -2.912350360418463e-01  1.744145610198925e-02
-5.079909398754425e-01 -2.932887058829778e-01  4.513904830660940e-02
-2.448971051040403e-01 -2.719792140921742e-01  5.078651589296011e-02
-3.144901981409332e-16 -2.796052611476708e-01  4.686267630038465e-02
 2.448971051040405e-01 -2.719792140921756e-01  5.078651589296004e-02
 5.079909398754416e-01 -2.932887058829773e-01  4.513904830660945e-02
 7.214927825127887e-01 -2.912350360418455e-01  1.744145610198918e-02
-5.985342641695081e-01 -1.494191828642208e-01  3.371467947972216e-02
-3.579894612571707e-01 -7.609750728728004e-02  5.078651589296002e-02
-1.152718617657269e-01 -6.655224042043127e-02  4.932644079205405e-02
 1.152718617657279e-01 -6.655224042043298e-02  4.932644079205406e-02
 3.579894612571704e-01 -7.609750728727965e-02  5.078651589296004e-02
 5.985342641695085e-01 -1.494191828642214e-01  3.371467947972206e-02
-4.651838400562167e-01  9.104425095609346e-02  4.277441866356865e-02
-2.421452591856654e-01  1.398026305738347e-01  4.686267630038478e-02
-2.603561234121333e-16  1.331044808408650e-01  4.932644079205398e-02
 2.421452591856642e-01  1.398026305738350e-01  4.686267630038481e-02
 4.651838400562165e-01  9.104425095609305e-02  4.277441866356884e-02
-3.114385542246111e-01  3.573388974406339e-01  4.277441866356865e-02
-1.130923561531302e-01  3.480767213794547e-01  5.078651589296016e-02
 1.130923561531296e-01  3.480767213794544e-01  5.078651589295999e-02
 3.114385542246106e-01  3.573388974406340e-01  4.277441866356885e-02
-1.698663239116266e-01  5.930554692383307e-01  3.371467947972212e-02
 2.047112632317818e-16  5.865774117659552e-01  4.513904830660947e-02
 1.698663239116260e-01  5.930554692383311e-01  3.371467947972211e-02
-1.085294515720794e-01  7.704485963241189e-01  1.744145610198917e-02
 1.085294515720801e-01  7.704485963241200e-01  1.744145610198918e-02
 9.846713335911875e-18  8.593200425824729e-01  2.655547818999492e-02
9 18 72
-8.639939680706178e-01 -5.577330314300183e-01  7.005324887993054e-03
-6.852213745390456e-01 -5.583386743102354e-01  1.045639306305416e-02
-4.397962157318002e-01 -5.579355456689883e-01  1.345796177512425e-02
-1.514660071929074e-01 -5.573376450363193e-01  1.536196622759515e-02
 1.514660071929055e-01 -5.573376450363232e-01  1.536196622759259e-02
 4.397962157318139e-01 -5.579355456689973e-01  1.345796177511891e-02
 6.852213745390648e-01 -5.583386743102366e-01  1.045639306305309e-02
 8.639939680706200e-01 -5.577330314300134e-01  7.005324887994178e-03
-9.150079577834100e-01 -4.693742093506747e-01  7.005324887993098e-03
-8.261461631375228e-01 -3.142497804118224e-01  1.045639306305754e-02
-7.030844640896048e-01 -1.019069224775412e-01  1.345796177512034e-02
-5.584015626833181e-01  1.474954124792860e-01  1.536196622759161e-02
-4.069355554904041e-01  4.098422325569988e-01  1.536196622759394e-02
-2.632882483577835e-01  6.598424681464815e-01  1.345796177512462e-02
-1.409247885984727e-01  8.725884547220021e-01  1.045639306305666e-02
-5.101398971280314e-02  1.027107240780674e+00  7.005324887992156e-03
 5.101398971279208e-02  1.027107240780679e+00  7.005324887993491e-03
 1.409247885984554e-01  8.725884547220358e-01  1.045639306305469e-02
 2.632882483577683e-01  6.598424681465256e-01  1.345796177511870e-02
 4.069355554903856e-01  4.098422325570373e-01  1.536196622759139e-02
 5.584015626832892e-01  1.474954124793260e-01  1.536196622759474e-02
 7.030844640895666e-01 -1.019069224774923e-01  1.345796177512577e-02
 8.261461631374976e-01 -3.142497804117768e-01  1.045639306305819e-02
 9.150079577834043e-01 -4.693742093506554e-01  7.005324887992874e-03
-9.645724493307875e-01 -5.568961632740269e-01  3.186913618987798e-03
 9.645724493307853e-01 -5.568961632740235e-01  3.186913618988310e-03
-9.803693865893000e-16  1.113792326548047e+00  3.186913618988784e-03
-8.314140297625724e-01 -4.800171138914534e-01  1.201366194008656e-02
-6.919409374281383e-01 -4.791241673403578e-01  1.716838803458846e-02
-5.090499098696331e-01 -4.780622344942144e-01  2.307299344051647e-02
-2.719876520993038e-01 -4.750068936344503e-01  2.941368424811179e-02
-1.710587222257596e-14 -4.734518445985380e-01  3.196974615721161e-02
 2.719876520992859e-01 -4.750068936344837e-01  2.941368424810604e-02
 5.090499098696396e-01 -4.780622344942527e-01  2.307299344051132e-02
 6.919409374281467e-01 -4.791241673403503e-01  1.716838803459120e-02
 8.314140297625782e-01 -4.800171138914354e-01  1.201366194008706e-02
-7.609041691978271e-01 -3.596763460610198e-01  1.716838803459532e-02
-5.973278846898640e-01 -3.448674150202070e-01  2.897421145556067e-02
-3.858424218183040e-01 -3.383289535291564e-01  3.822958587145239e-02
-1.335595465988896e-01 -3.318059041957104e-01  4.427148430134349e-02
 1.335595465989018e-01 -3.318059041957494e-01  4.427148430134186e-02
 3.858424218183452e-01 -3.383289535292377e-01  3.822958587144743e-02
 5.973278846898801e-01 -3.448674150202183e-01  2.897421145555929e-02
 7.609041691978368e-01 -3.596763460610017e-01  1.716838803459137e-02
-6.685389945967825e-01 -2.018190364941827e-01  2.307299344051326e-02
-4.859226795013019e-01 -1.649848623878266e-01  3.822958587145112e-02
-2.588929431981112e-01 -1.494719104466659e-01  4.998356159960030e-02
-2.965523183458424e-14 -1.425263082017204e-01  5.434661071862258e-02
 2.588929431980635e-01 -1.494719104467555e-01  4.998356159960111e-02
 4.859226795012316e-01 -1.649848623878525e-01  3.822958587145707e-02
 6.685389945967489e-01 -2.018190364941876e-01  2.307299344051763e-02
-5.473618629098528e-01  1.955230583557210e-03  2.941368424810673e-02
-3.541321154586605e-01  5.023699182528611e-02  4.427148430134736e-02
-1.234314036103099e-01  7.126315410090212e-02  5.434661071862364e-02
 1.234314036103277e-01  7.126315410084974e-02  5.434661071862408e-02
 3.541321154586213e-01  5.023699182526246e-02  4.427148430135076e-02
 5.473618629098236e-01  1.955230583536857e-03  2.941368424811342e-02
-4.100213248909396e-01  2.367259222992857e-01  3.196974615721113e-02
-2.205725688597101e-01  2.815689123704599e-01  4.427148430134834e-02
 4.632963778969424e-14  2.989438208934233e-01  4.998356159960093e-02
 2.205725688597374e-01  2.815689123704739e-01  4.427148430134651e-02
 4.100213248909465e-01  2.367259222992649e-01  3.196974615721117e-02
-2.753742108105147e-01  4.730516630509193e-01  2.941368424811080e-02
-1.000802576828719e-01  5.033138159169825e-01  3.822958587145493e-02
 1.000802576829302e-01  5.033138159170363e-01  3.822958587144927e-02
 2.753742108105515e-01  4.730516630509169e-01  2.941368424810379e-02
-1.594890847271188e-01  6.798812709883805e-01  2.307299344051621e-02
 7.627586099705164e-15  6.897348300403719e-01  2.897421145555789e-02
 1.594890847271550e-01  6.798812709883939e-01  2.307299344051137e-02
-6.896323176973961e-02  8.388005134013345e-01  1.716838803459033e-02
 6.896323176973003e-02  8.388005134013425e-01  1.716838803459495e-02
-1.462905556168219e-14  9.600342277829134e-01  1.201366194008804e-02
10 20 85
-8.887380940242379e-01 -5.599592110816454e-01  5.121838635351845e-03
-7.399150657015968e-01 -5.607834425775982e-01  7.681399033173443e-03
-5.303104879983163e-01 -5.607557462639031e-01  9.970952370465821e-03
-2.764385813749009e-01 -5.602759081917619e-01  1.173894699172900e-02
 8.634814428458866e-14 -5.599679345887484e-01  1.244876662662156e-02
 2.764385813749661e-01 -5.602759081917572e-01  1.173894699172315e-02
 5.303104879981391e-01 -5.607557462639123e-01  9.970952370449466e-03
 7.399150657012731e-01 -5.607834425776659e-01  7.681399033141089e-03
 8.887380940238738e-01 -5.599592110815323e-01  5.121838635392008e-03
-9.293079488914832e-01 -4.896901611947240e-01  5.121838635414838e-03
-8.556102401444849e-01 -3.603935222510709e-01  7.681399033131539e-03
-7.507839655815954e-01 -1.788844813675300e-01  9.970952370443332e-03
-6.234324603098630e-01  4.073512003915762e-02  1.173894699171940e-02
-4.849464566585969e-01  2.799839672942958e-01  1.244876662661877e-02
-3.469938789350875e-01  5.195407881525411e-01  1.173894699172522e-02
-2.204734775836172e-01  7.396402276315952e-01  9.970952370459609e-03
-1.156951744432439e-01  9.211769648290076e-01  7.681399033163818e-03
-4.056985486773067e-02  1.049649372276567e+00  5.121838635374878e-03
 4.056985486775562e-02  1.049649372276396e+00  5.121838635395277e-03
 1.156951744433392e-01  9.211769648289552e-01  7.681399033136564e-03
 2.204734775836207e-01  7.396402276316022e-01  9.970952370448755e-03
 3.469938789350138e-01  5.195407881526597e-01  1.173894699172422e-02
 4.849464566585257e-01  2.799839672944253e-01  1.244876662662021e-02
 6.234324603098784e-01  4.073512003914664e-02  1.173894699172428e-02
 7.507839655817132e-01 -1.788844813677595e-01  9.970952370460485e-03
 8.556102401445871e-01 -3.603935222514156e-01  7.681399033168545e-03
 9.293079488917748e-01 -4.896901611949818e-01  5.121838635371120e-03
-9.716181093698181e-01 -5.609639769941028e-01  2.063189823768810e-03
 9.716181093697726e-01 -5.609639769941772e-01  2.063189823769022e-03
 1.976585356041311e-14  1.121927953988323e+00  2.063189823768630e-03
-8.494538584718626e-01 -4.904324138534965e-01  9.700368157538044e-03
-7.265411967374240e-01 -4.913519609897481e-01  1.315597009669878e-02
-5.721606241990337e-01 -4.917487910330724e-01  1.666989825585402e-02
-3.709122450604775e-01 -4.898653647657051e-01  2.189001434869131e-02
-1.285979885206343e-01 -4.876696934996802e-01  2.535818724502557e-02
 1.285979885207386e-01 -4.876696934996644e-01  2.535818724500977e-02
 3.709122450602792e-01 -4.898653647656968e-01  2.189001434866304e-02
 5.721606241989393e-01 -4.917487910331756e-01  1.666989825589082e-02
 7.265411967382303e-01 -4.913519609900526e-01  1.315597009672972e-02
 8.494538584722444e-01 -4.904324138529128e-01  9.700368157537392e-03
-7.887938787861462e-01 -3.835271527765939e-01  1.315597009673168e-02
-6.466885695394531e-01 -3.733658197050982e-01  2.232412175366790e-02
-4.646687236116003e-01 -3.716015395034015e-01  2.871148111946749e-02
-2.437039583489183e-01 -3.655043177451622e-01  3.432988136051340e-02
 1.412748005135613e-13 -3.627293441257318e-01  3.658617003020140e-02
 2.437039583490325e-01 -3.655043177451280e-01  3.432988136047009e-02
 4.646687236114195e-01 -3.716015395035238e-01  2.871148111940676e-02
 6.466885695391537e-01 -3.733658197054665e-01  2.232412175366560e-02
 7.887938787854102e-01 -3.835271527760496e-01  1.315597009671313e-02
-7.119472574145624e-01 -2.496312400848808e-01  1.666989825592656e-02
-5.541507351011788e-01 -2.166141492397098e-01  2.871148111940485e-02
-3.585268793908863e-01 -2.069955903279526e-01  3.891021677110331e-02
-1.237993227965951e-01 -1.972831628940573e-01  4.491508716576468e-02
 1.237993227964440e-01 -1.972831628940230e-01  4.491508716576126e-02
 3.585268793907974e-01 -2.069955903280554e-01  3.891021677109929e-02
 5.541507351011032e-01 -2.166141492399032e-01  2.871148111945174e-02
 7.119472574144630e-01 -2.496312400849879e-01  1.666989825589067e-02
-6.096919728512519e-01 -7.628674441388562e-02  2.189001434866648e-02
-4.383880035346126e-01 -2.830166006045647e-02  3.432988136046598e-02
-2.327518922033082e-01 -8.571777066047613e-03  4.491508716576140e-02
 3.141516592496268e-14 -5.423664269128406e-14  4.869036834399520e-02
 2.327518922034638e-01 -8.571777066153370e-03  4.491508716576149e-02
 4.383880035346564e-01 -2.830166006040065e-02  3.432988136049461e-02
 6.096919728513922e-01 -7.628674441409808e-02  2.189001434868551e-02
-4.866333374867720e-01  1.324657218153718e-01  2.535818724499701e-02
-3.141328267109657e-01  1.813646720627120e-01  3.658617003019252e-02
-1.089525694068351e-01  2.058549399601325e-01  4.491508716576480e-02
 1.089525694069139e-01  2.058549399600019e-01  4.491508716576459e-02
 3.141328267109015e-01  1.813646720628882e-01  3.658617003019719e-02
 4.866333374867863e-01  1.324657218154156e-01  2.535818724501344e-02
-3.580353489662071e-01  3.552039716841812e-01  2.535818724501274e-02
-1.946840451857658e-01  3.938059778054641e-01  3.432988136050903e-02
 5.275531691196726e-14  4.139911806560669e-01  3.891021677110736e-02
 1.946840451856788e-01  3.938059778055620e-01  3.432988136048496e-02
 3.580353489661312e-01  3.552039716842997e-01  2.535818724500941e-02
-2.387797277910997e-01  5.661521091797528e-01  2.189001434869466e-02
-8.948201148965119e-02  5.882156887433915e-01  2.871148111946537e-02
 8.948201148975431e-02  5.882156887434074e-01  2.871148111942069e-02
 2.387797277911045e-01  5.661521091797195e-01  2.189001434867221e-02
-1.397866332154265e-01  7.413800311181393e-01  1.666989825589017e-02
 1.551353513641762e-13  7.467316394108111e-01  2.232412175366986e-02
 1.397866332155519e-01  7.413800311180907e-01  1.666989825588945e-02
-6.225268204756536e-02  8.748791137659170e-01  1.315597009670090e-02
 6.225268204760900e-02  8.748791137663336e-01  1.315597009671738e-02
-1.727222244213260e-13  9.808648277060538e-01  9.700368157538813e-03
11 22 99
-9.155053179692964e-01 -5.618178735863262e-01  3.705631622786557e-03
-7.915290024948137e-01 -5.641406955289179e-01  5.231378633694287e-03
-6.096006539123050e-01 -5.631115801543900e-01  7.505438008127115e-03
-3.838852218001693e-01 -5.626414009602806e-01  9.115074081067980e-03
-1.309826994166205e-01 -5.622742506178303e-01  1.004355816921796e-02
 1.309826994166855e-01 -5.622742506178271e-01  1.004355816921962e-02
 3.838852218002082e-01 -5.626414009602712e-01  9.115074081072375e-03
 6.096006539123037e-01 -5.631115801543791e-01  7.505438008131337e-03
 7.915290024948066e-01 -5.641406955289336e-01  5.231378633688535e-03
 9.155053179693177e-01 -5.618178735863362e-01  3.705631622784821e-03
-9.443012098105800e-01 -5.119419258680136e-01  3.705631622785258e-03
-8.843246748840852e-01 -4.034138762281920e-01  5.231378633687508e-03
-7.924692605350424e-01 -2.463738623744718e-01  7.505438008131086e-03
-6.792043573525666e-01 -5.113365373627082e-02  9.115074081072230e-03
-5.524351346372415e-01  1.677027801577988e-01  1.004355816921948e-02
-4.214524352205924e-01  3.945714704599639e-01  1.004355816921782e-02
-2.953191355523888e-01  6.137750546965035e-01  9.115074081067822e-03
-1.828686066227510e-01  8.094854425288496e-01  7.505438008126923e-03
-9.279567238926183e-02  9.675545717571175e-01  5.231378633694484e-03
-2.879589184126728e-02  1.073759799454320e+00  3.705631622786599e-03
 2.879589184126147e-02  1.073759799454347e+00  3.705631622785188e-03
 9.279567238927675e-02  9.675545717571257e-01  5.231378633688125e-03
 1.828686066227385e-01  8.094854425288494e-01  7.505438008131093e-03
 2.953191355523569e-01  6.137750546965399e-01  9.115074081072221e-03
 4.214524352205521e-01  3.945714704600269e-01  1.004355816921948e-02
 5.524351346372061e-01  1.677027801578667e-01  1.004355816921781e-02
 6.792043573525487e-01 -5.113365373622095e-02  9.115074081067704e-03
 7.924692605350457e-01 -2.463738623744556e-01  7.505438008126610e-03
 8.843246748840664e-01 -4.034138762281957e-01  5.231378633694230e-03
 9.443012098105553e-01 -5.119419258679901e-01  3.705631622786971e-03
-9.817831264688845e-01 -5.668327523526498e-01  9.565716975285492e-04
 9.817831264688864e-01 -5.668327523526361e-01  9.565716975288596e-04
-6.535251816178106e-15  1.133665504705286e+00  9.565716975287247e-04
-8.635055880463195e-01 -4.985451837052944e-01  6.684379530981930e-03
-7.916821830671662e-01 -5.121938291609189e-01  6.176138272093628e-03
-6.698714856610298e-01 -5.046900790006762e-01  1.278218057773349e-02
-4.808072465456647e-01 -5.020552299764796e-01  1.788553998029248e-02
-2.503730939871152e-01 -4.997668334285821e-01  2.105985603289283e-02
 6.135605183816951e-14 -4.987503729429254e-01  2.221048872004802e-02
 2.503730939872166e-01 -4.997668334285501e-01  2.105985603289804e-02
 4.808072465457172e-01 -5.020552299764239e-01  1.788553998030119e-02
 6.698714856610667e-01 -5.046900790006512e-01  1.278218057773597e-02
 7.916821830672465e-01 -5.121938291610482e-01  6.176138272084465e-03
 8.635055880463248e-01 -4.985451837053139e-01  6.684379530980174e-03
-8.394139592487545e-01 -4.295199676792588e-01  6.176138272084551e-03
-7.117126161660247e-01 -4.109074705290454e-01  1.626168768454334e-02
-5.458578337237184e-01 -3.998128547873897e-01  2.230492882535543e-02
-3.455751773903166e-01 -3.937231910758889e-01  2.743027337416797e-02
-1.185046324808086e-01 -3.896506733670128e-01  3.062241635064266e-02
 1.185046324808130e-01 -3.896506733669753e-01  3.062241635064175e-02
 3.455751773902297e-01 -3.937231910757810e-01  2.743027337416977e-02
 5.458578337235661e-01 -3.998128547872778e-01  2.230492882536347e-02
 7.117126161659653e-01 -4.109074705291191e-01  1.626168768454334e-02
 8.394139592485768e-01 -4.295199676792584e-01  6.176138272097367e-03
-7.720101722830786e-01 -3.277806843529832e-01  1.278218057773681e-02
-6.191770058671424e-01 -2.728203234657009e-01  2.230492882536403e-02
-4.421995480850169e-01 -2.553040281225279e-01  3.025121372214974e-02
-2.313531903132464e-01 -2.447326155767718e-01  3.639892791127583e-02
 1.146322840746254e-13 -2.405723088334662e-01  3.869958377986292e-02
 2.313531903134301e-01 -2.447326155766490e-01  3.639892791127489e-02
 4.421995480851266e-01 -2.553040281223568e-01  3.025121372214943e-02
 6.191770058673174e-01 -2.728203234657693e-01  2.230492882535427e-02
 7.720101722830780e-01 -3.277806843529291e-01  1.278218057773367e-02
-6.751962065352785e-01 -1.653636748440221e-01  1.788553998030116e-02
-5.137618742258098e-01 -1.024152869993501e-01  2.743027337416948e-02
-3.276212573806995e-01 -7.799143226967090e-02  3.639892791127445e-02
-1.127445942910348e-01 -6.509312186366606e-02  4.176366037580142e-02
 1.127445942910904e-01 -6.509312186357089e-02  4.176366037580152e-02
 3.276212573807211e-01 -7.799143226945965e-02  3.639892791127564e-02
 5.137618742259482e-01 -1.024152869993705e-01  2.743027337416678e-02
 6.751962065352999e-01 -1.653636748439444e-01  1.788553998029158e-02
-5.579973207116370e-01  3.305395689724030e-02  2.105985603289767e-02
-3.966996979779162e-01  9.219731448897346e-02  3.062241635064074e-02
-2.083417308969118e-01  1.202861544166429e-01  3.869958377986234e-02
-5.614028243612308e-14  1.301862437272435e-01  4.176366037580131e-02
 2.083417308968002e-01  1.202861544168329e-01  3.869958377986248e-02
 3.966996979779469e-01  9.219731448899321e-02  3.062241635064147e-02
 5.579973207116139e-01  3.305395689734449e-02  2.105985603289214e-02
-4.319304931155671e-01  2.493751864714103e-01  2.221048872004751e-02
-2.781950654971416e-01  2.974533588780277e-01  3.062241635064149e-02
-9.626806706747176e-02  3.227240478462420e-01  3.639892791127528e-02
 9.626806706727643e-02  3.227240478463305e-01  3.639892791127432e-02
 2.781950654971079e-01  2.974533588780084e-01  3.062241635064061e-02
 4.319304931155064e-01  2.493751864715142e-01  2.221048872004748e-02
-3.076242267245030e-01  4.667128765312389e-01  2.105985603289226e-02
-1.681866968356406e-01  4.961384780752696e-01  2.743027337416677e-02
-9.990363533422717e-14  5.106080562448979e-01  3.025121372214892e-02
 1.681866968355915e-01  4.961384780751364e-01  2.743027337416900e-02
 3.076242267244257e-01  4.667128765313073e-01  2.105985603289759e-02
-1.943889599896424e-01  6.674189048204278e-01  1.788553998029186e-02
-7.331917214360742e-02  6.726331782531711e-01  2.230492882535451e-02
 7.331917214358635e-02  6.726331782529837e-01  2.230492882536331e-02
 1.943889599895689e-01  6.674189048204429e-01  1.788553998030094e-02
-1.021386866220522e-01  8.324707633536068e-01  1.278218057773326e-02
 4.824082730752774e-14  8.218149410581694e-01  1.626168768454368e-02
 1.021386866220100e-01  8.324707633536327e-01  1.278218057773688e-02
-4.773177618139354e-02  9.417137968401447e-01  6.176138272095573e-03
 4.773177618146009e-02  9.417137968403132e-01  6.176138272086201e-03
-2.581578467588477e-15  9.970903674105919e-01  6.684379530980315e-03
12 24 114
-9.236919888298784e-01 -5.639633998837470e-01  2.778163880240903e-03
-8.179770370799644e-01 -5.638559116626607e-01  4.476374211804122e-03
-6.652233201496091e-01 -5.658899204112124e-01  5.211009740804820e-03
-4.680742397994940e-01 -5.646374644590118e-01  6.960453660272932e-03
-2.415648429744768e-01 -5.642662346169404e-01  7.919552081854594e-03
 1.490831879585265e-11 -5.640805518697012e-01  8.288692229461183e-03
 2.415648430027987e-01 -5.642662346168676e-01  7.919552081800363e-03
 4.680742398233725e-01 -5.646374644583911e-01  6.960453660426779e-03
 6.652233201696585e-01 -5.658899204146901e-01  5.211009739124407e-03
 8.179770370904385e-01 -5.638559116622210e-01  4.476374211704459e-03
 9.236919888346385e-01 -5.639633998832070e-01  2.778163880188871e-03
-9.502526255210353e-01 -5.179590276615401e-01  2.778163880168909e-03
-8.973020621188300e-01 -4.264609380015310e-01  4.476374211689582e-03
-8.226867069092827e-01 -2.931553342490152e-01  5.211009739135426e-03
-7.230275080606822e-01 -1.230454503142090e-01  6.960453660431099e-03
-6.094513151768227e-01  7.293182660779571e-02  7.919552081812125e-03
-4.885080877066684e-01  2.820402759231231e-01  8.288692229472878e-03
-3.678864721880473e-01  4.913344079868762e-01  7.919552081867613e-03
-2.549532682493875e-01  6.876829147542559e-01  6.960453660294609e-03
-1.574633867460342e-01  8.590452546458925e-01  5.211009740909186e-03
-7.932502503341106e-02  9.903168496555975e-01  4.476374211819486e-03
-2.656063668881385e-02  1.081922427541148e+00  2.778163880221738e-03
 2.656063668530061e-02  1.081922427546571e+00  2.778163880107018e-03
 7.932502502703115e-02  9.903168496659136e-01  4.476374211709836e-03
 1.574633867387137e-01  8.590452546659465e-01  5.211009739164605e-03
 2.549532682368891e-01  6.876829147747245e-01  6.960453660452837e-03
 3.678864721740335e-01  4.913344080109926e-01  7.919552081830773e-03
 4.885080876921707e-01  2.820402759482332e-01  8.288692229485563e-03
 6.094513151632882e-01  7.293182663135389e-02  7.919552081885382e-03
 7.230275080499223e-01 -1.230454502944585e-01  6.960453660318143e-03
 8.226867068968803e-01 -2.931553342347424e-01  5.211009740870234e-03
 8.973020621145019e-01 -4.264609379934372e-01  4.476374211826568e-03
 9.502526255196426e-01 -5.179590276579952e-01  2.778163880197992e-03
-9.817594005907468e-01 -5.668190542112282e-01  8.830399587375940e-04
 9.817594005915015e-01 -5.668190542105082e-01  8.830399587174108e-04
-8.419652683736900e-13  1.133638108422024e+00  8.830399586928265e-04
-8.778769358610462e-01 -5.068424852362405e-01  7.107907534224221e-03
-7.677439003669935e-01 -5.090294607926654e-01  9.654087837348340e-03
-6.345812040175187e-01 -5.176692670185467e-01  9.679958106893281e-03
-4.929911763668642e-01 -5.112034997648818e-01  1.056776027970021e-02
-3.254714284175745e-01 -5.099921083503148e-01  1.460806795661683e-02
-1.132732573748127e-01 -5.084907632466756e-01  1.725021205707739e-02
 1.132732573918123e-01 -5.084907632465206e-01  1.725021205668048e-02
 3.254714284217825e-01 -5.099921083491752e-01  1.460806795534829e-02
 4.929911763510473e-01 -5.112034997597683e-01  1.056776028000788e-02
 6.345812040250298e-01 -5.176692670345783e-01  9.679958106623450e-03
 7.677439003716152e-01 -5.090294607926827e-01  9.654087837149238e-03
 8.778769358624610e-01 -5.068424852334384e-01  7.107907534255193e-03
-8.247043945071139e-01 -4.103709909255294e-01  9.654087837081151e-03
-7.217598504499458e-01 -4.167082439436046e-01  1.342160299337008e-02
-5.893571622743931e-01 -4.280941568924330e-01  1.639677840411169e-02
-4.182468516648711e-01 -4.174504623053503e-01  2.040941323849111e-02
-2.192470080409568e-01 -4.132936628887143e-01  2.430704631339428e-02
-4.473475807630352e-12 -4.112081369897442e-01  2.583113952984245e-02
 2.192470080273589e-01 -4.132936628869773e-01  2.430704631268914e-02
 4.182468516399743e-01 -4.174504622975438e-01  2.040941323842240e-02
 5.893571622681616e-01 -4.280941569122417e-01  1.639677840498295e-02
 7.217598504455972e-01 -4.167082439486313e-01  1.342160299346871e-02
 8.247043945036830e-01 -4.103709909209041e-01  9.654087837393063e-03
-7.656053380232778e-01 -2.907288099329337e-01  9.679958106455708e-03
-6.654189962322860e-01 -2.963511959711648e-01  1.639677840491250e-02
-5.213112507595833e-01 -3.009791909466402e-01  2.394368206786437e-02
-3.284936166405232e-01 -2.866368915458072e-01  2.948580413812805e-02
-1.125268430132277e-01 -2.795846343220060e-01  3.297748967445238e-02
 1.125268430008161e-01 -2.795846343203058e-01  3.297748967425541e-02
 3.284936166205982e-01 -2.866368915376537e-01  2.948580413735563e-02
 5.213112507483320e-01 -3.009791909629518e-01  2.394368206789934e-02
 6.654189962156645e-01 -2.963511959843660e-01  1.639677840421739e-02
 7.656053380048922e-01 -2.907288099341300e-01  9.679958106720328e-03
-6.892108054725080e-01 -1.713411326840287e-01  1.056776027994719e-02
-5.706461309920824e-01 -1.534871674254393e-01  2.040941323839629e-02
-4.124816380448067e-01 -1.411653712072050e-01  2.948580413735930e-02
-2.145215214733617e-01 -1.238540581738793e-01  3.519137497051530e-02
 2.410243645289571e-12 -1.180042618136043e-01  3.731848674723993e-02
 2.145215214759778e-01 -1.238540581674850e-01  3.519137497051009e-02
 4.124816380598169e-01 -1.411653712188477e-01  2.948580413812094e-02
 5.706461310090185e-01 -1.534871674408782e-01  2.040941323844628e-02
 6.892108054850026e-01 -1.713411326963399e-01  1.056776027956989e-02
-6.044018357716124e-01 -2.687047104595614e-02  1.460806795548836e-02
-4.675463152975343e-01  1.677335278696241e-02  2.430704631271637e-02
-2.983908173303795e-01  4.234121251219142e-02  3.297748967427310e-02
-1.021946884868829e-01  5.900213090356007e-02  3.731848674724617e-02
 1.021946884836823e-01  5.900213090860255e-02  3.731848674724009e-02
 2.983908173370241e-01  4.234121250355188e-02  3.297748967443582e-02
 4.675463153048979e-01  1.677335277724841e-02  2.430704631328158e-02
 6.044018357712970e-01 -2.687047104340786e-02  1.460806795680932e-02
-4.970025472571163e-01  1.561478631525045e-01  1.725021205676800e-02
-3.561166928741777e-01  2.056040684978072e-01  2.583113952988598e-02
-1.858639743246328e-01  2.372434218163896e-01  3.297748967448462e-02
-3.653351107271250e-12  2.477081163396733e-01  3.519137497052769e-02
 1.858639743287542e-01  2.372434218057870e-01  3.297748967423662e-02
 3.561166928785960e-01  2.056040684900410e-01  2.583113952973234e-02
 4.970025472494118e-01  1.561478631661088e-01  1.725021205721466e-02
-3.837292898734980e-01  3.523429000800120e-01  1.725021205714566e-02
-2.482993072644638e-01  3.965203101107062e-01  2.430704631345451e-02
-8.398802142046682e-02  4.278022627624966e-01  2.948580413819786e-02
 8.398802142312232e-02  4.278022627419519e-01  2.948580413735384e-02
 2.482993072704539e-01  3.965203100968218e-01  2.430704631258611e-02
 3.837292898651893e-01  3.523429000940705e-01  1.725021205683033e-02
-2.789304073513500e-01  5.368625793919458e-01  1.460806795668220e-02
-1.523992793454294e-01  5.709376297464278e-01  2.040941323858444e-02
 1.029156483344802e-11  6.019583819062416e-01  2.394368206793787e-02
 1.523992793524724e-01  5.709376297188170e-01  2.040941323844912e-02
 2.789304073476599e-01  5.368625793960780e-01  1.460806795563695e-02
-1.962196291155908e-01  6.825446324586929e-01  1.056776027967555e-02
-7.606183394213434e-02  7.244453528761662e-01  1.639677840423097e-02
 7.606183396436778e-02  7.244453528799016e-01  1.639677840517157e-02
 1.962196291171436e-01  6.825446324463237e-01  1.056776028003027e-02
-1.310241339867919e-01  8.083980769518144e-01  9.679958106986219e-03
 4.180404917199208e-12  8.334164878915215e-01  1.342160299348336e-02
 1.310241339966376e-01  8.083980769690469e-01  9.679958106331177e-03
-5.696049413714747e-02  9.194004517144597e-01  9.654087837444409e-03
 5.696049413560954e-02  9.194004517182057e-01  9.654087837063912e-03
-1.101621009315609e-12  1.013684970470515e+00  7.107907534219081e-03
