1 1
0.000000000000000E+00  0.000000000000000E+00  0.400000000000000E+01

2 4
-.577350269189626E+00  -.577350269189626E+00  0.100000000000000E+01
0.577350269189626E+00  -.577350269189626E+00  0.100000000000000E+01
0.577350269189626E+00  0.577350269189626E+00  0.100000000000000E+01
-.577350269189626E+00  0.577350269189626E+00  0.100000000000000E+01

3 4
-.577350269189626E+00  -.577350269189626E+00  0.100000000000000E+01
0.577350269189626E+00  -.577350269189626E+00  0.100000000000000E+01
0.577350269189626E+00  0.577350269189626E+00  0.100000000000000E+01
-.577350269189626E+00  0.577350269189626E+00  0.100000000000000E+01

4 7
0.368348050344836E+00  -.893114240811606E+00  0.413312653017723E+00
-.368348050344835E+00  0.893114240811606E+00  0.413312653017723E+00
0.888183796323458E+00  -.380082724261158E+00  0.420035146789777E+00
-.888183796323458E+00  0.380082724261158E+00  0.420035146789777E+00
-.684927843480634E+00  -.681327514898893E+00  0.595223628763929E+00
0.684927843480634E+00  0.681327514898893E+00  0.595223628763929E+00
0.103504219975680E-32  -.487453434507069E-33  0.114285714285714E+01

5 7
0.177586820207755E-01  -.965928549400119E+00  0.317660611512804E+00
-.177586820207754E-01  0.965928549400119E+00  0.317660611512804E+00
0.778871054464964E+00  -.571570830125164E+00  0.551800299895518E+00
-.778871054464964E+00  0.571570830125164E+00  0.551800299895518E+00
-.770378128854164E+00  -.582967299182801E+00  0.559110517163107E+00
0.770378128854164E+00  0.582967299182801E+00  0.559110517163107E+00
-.749035391416866E-33  0.135614483339467E-33  0.114285714285714E+01

6 12
0.459598110365358E-16  -.925820099772552E+00  0.241975308641975E+00
0.925820099772552E+00  -.107303200521011E-16  0.241975308641975E+00
0.674204511407380E-16  0.925820099772552E+00  0.241975308641975E+00
-.925820099772552E+00  0.124110582229375E-15  0.241975308641975E+00
-.380554433208316E+00  -.380554433208316E+00  0.520592916667394E+00
0.380554433208316E+00  -.380554433208316E+00  0.520592916667394E+00
0.380554433208316E+00  0.380554433208316E+00  0.520592916667394E+00
-.380554433208316E+00  0.380554433208316E+00  0.520592916667394E+00
-.805979782918599E+00  -.805979782918599E+00  0.237431774690630E+00
0.805979782918599E+00  -.805979782918599E+00  0.237431774690630E+00
0.805979782918599E+00  0.805979782918599E+00  0.237431774690630E+00
-.805979782918599E+00  0.805979782918599E+00  0.237431774690630E+00

7 12
0.459598110365358E-16  -.925820099772552E+00  0.241975308641975E+00
0.925820099772552E+00  -.107303200521011E-16  0.241975308641975E+00
0.674204511407380E-16  0.925820099772552E+00  0.241975308641975E+00
-.925820099772552E+00  0.124110582229375E-15  0.241975308641975E+00
-.380554433208316E+00  -.380554433208316E+00  0.520592916667394E+00
0.380554433208316E+00  -.380554433208316E+00  0.520592916667394E+00
0.380554433208316E+00  0.380554433208316E+00  0.520592916667394E+00
-.380554433208316E+00  0.380554433208316E+00  0.520592916667394E+00
-.805979782918599E+00  -.805979782918599E+00  0.237431774690630E+00
0.805979782918599E+00  -.805979782918599E+00  0.237431774690630E+00
0.805979782918599E+00  0.805979782918599E+00  0.237431774690630E+00
-.805979782918599E+00  0.805979782918599E+00  0.237431774690630E+00

8 17
0.630680119731669E+00  -.968849966361978E+00  0.888793781701988E-01
0.968849966361978E+00  0.630680119731669E+00  0.888793781701988E-01
-.630680119731669E+00  0.968849966361978E+00  0.888793781701988E-01
-.968849966361978E+00  -.630680119731669E+00  0.888793781701988E-01
-.750277099978900E+00  -.927961645959570E+00  0.112099602129596E+00
0.927961645959570E+00  -.750277099978900E+00  0.112099602129596E+00
0.750277099978900E+00  0.927961645959570E+00  0.112099602129596E+00
-.927961645959570E+00  0.750277099978901E+00  0.112099602129596E+00
-.762083281926171E-01  -.852615729333662E+00  0.269051337639781E+00
0.852615729333662E+00  -.762083281926171E-01  0.269051337639781E+00
0.762083281926172E-01  0.852615729333662E+00  0.269051337639781E+00
-.852615729333662E+00  0.762083281926172E-01  0.269051337639781E+00
-.523735820214429E+00  -.453339821135647E+00  0.398282439262070E+00
0.453339821135647E+00  -.523735820214429E+00  0.398282439262070E+00
0.523735820214429E+00  0.453339821135647E+00  0.398282439262070E+00
-.453339821135647E+00  0.523735820214429E+00  0.398282439262070E+00
0.101896415495290E-32  -.740319637968187E-32  0.526748971193416E+00

9 17
0.630680119731669E+00  -.968849966361978E+00  0.888793781701988E-01
0.968849966361978E+00  0.630680119731669E+00  0.888793781701988E-01
-.630680119731669E+00  0.968849966361978E+00  0.888793781701988E-01
-.968849966361978E+00  -.630680119731669E+00  0.888793781701988E-01
-.750277099978900E+00  -.927961645959570E+00  0.112099602129596E+00
0.927961645959570E+00  -.750277099978900E+00  0.112099602129596E+00
0.750277099978900E+00  0.927961645959570E+00  0.112099602129596E+00
-.927961645959570E+00  0.750277099978901E+00  0.112099602129596E+00
-.762083281926171E-01  -.852615729333662E+00  0.269051337639781E+00
0.852615729333662E+00  -.762083281926171E-01  0.269051337639781E+00
0.762083281926172E-01  0.852615729333662E+00  0.269051337639781E+00
-.852615729333662E+00  0.762083281926172E-01  0.269051337639781E+00
-.523735820214429E+00  -.453339821135647E+00  0.398282439262070E+00
0.453339821135647E+00  -.523735820214429E+00  0.398282439262070E+00
0.523735820214429E+00  0.453339821135647E+00  0.398282439262070E+00
-.453339821135647E+00  0.523735820214429E+00  0.398282439262070E+00
0.101896415495290E-32  -.740319637968187E-32  0.526748971193416E+00

10 24
-.698076104549569E+00  -.982639223540855E+00  0.480207633507237E-01
0.982639223540855E+00  -.698076104549569E+00  0.480207633507237E-01
0.698076104549569E+00  0.982639223540855E+00  0.480207633507237E-01
-.982639223540855E+00  0.698076104549569E+00  0.480207633507237E-01
0.825775835902963E+00  -.939486382816737E+00  0.660713291645505E-01
0.939486382816737E+00  0.825775835902963E+00  0.660713291645505E-01
-.825775835902963E+00  0.939486382816737E+00  0.660713291645505E-01
-.939486382816737E+00  -.825775835902963E+00  0.660713291645505E-01
0.188586138718640E+00  -.953539528201532E+00  0.973867773586681E-01
0.953539528201532E+00  0.188586138718640E+00  0.973867773586681E-01
-.188586138718640E+00  0.953539528201532E+00  0.973867773586681E-01
-.953539528201532E+00  -.188586138718640E+00  0.973867773586681E-01
-.712001913075337E+00  -.525320250364547E+00  0.225626061728864E+00
0.525320250364547E+00  -.712001913075337E+00  0.225626061728864E+00
0.712001913075337E+00  0.525320250364547E+00  0.225626061728864E+00
-.525320250364547E+00  0.712001913075337E+00  0.225626061728864E+00
-.315623432915256E+00  -.812520548304813E+00  0.211736349998948E+00
0.812520548304813E+00  -.315623432915256E+00  0.211736349998948E+00
0.315623432915256E+00  0.812520548304813E+00  0.211736349998948E+00
-.812520548304813E+00  0.315623432915256E+00  0.211736349998948E+00
-.424847248848669E+00  -.416580719120212E-01  0.351158718398246E+00
0.416580719120211E-01  -.424847248848669E+00  0.351158718398246E+00
0.424847248848669E+00  0.416580719120211E-01  0.351158718398246E+00
-.416580719120211E-01  0.424847248848669E+00  0.351158718398246E+00

11 24
0.188586138718641E+00  -.953539528201532E+00  0.973867773586682E-01
0.953539528201532E+00  0.188586138718641E+00  0.973867773586682E-01
-.188586138718641E+00  0.953539528201532E+00  0.973867773586682E-01
-.953539528201532E+00  -.188586138718641E+00  0.973867773586682E-01
-.698076104549568E+00  -.982639223540856E+00  0.480207633507238E-01
0.982639223540856E+00  -.698076104549568E+00  0.480207633507238E-01
0.698076104549568E+00  0.982639223540856E+00  0.480207633507238E-01
-.982639223540856E+00  0.698076104549568E+00  0.480207633507238E-01
-.939486382816737E+00  -.825775835902964E+00  0.660713291645506E-01
0.825775835902964E+00  -.939486382816737E+00  0.660713291645506E-01
0.939486382816737E+00  0.825775835902964E+00  0.660713291645506E-01
-.825775835902964E+00  0.939486382816737E+00  0.660713291645506E-01
-.712001913075336E+00  -.525320250364548E+00  0.225626061728863E+00
0.525320250364548E+00  -.712001913075336E+00  0.225626061728863E+00
0.712001913075336E+00  0.525320250364548E+00  0.225626061728863E+00
-.525320250364548E+00  0.712001913075336E+00  0.225626061728863E+00
-.315623432915255E+00  -.812520548304813E+00  0.211736349998949E+00
0.812520548304813E+00  -.315623432915255E+00  0.211736349998949E+00
0.315623432915255E+00  0.812520548304813E+00  0.211736349998949E+00
-.812520548304813E+00  0.315623432915255E+00  0.211736349998949E+00
-.424847248848669E+00  -.416580719120221E-01  0.351158718398246E+00
0.416580719120220E-01  -.424847248848669E+00  0.351158718398246E+00
0.424847248848669E+00  0.416580719120220E-01  0.351158718398246E+00
-.416580719120220E-01  0.424847248848669E+00  0.351158718398246E+00

12 33
-.957297699786307E+00  -.859556005641639E+00  0.381744213170837E-01
0.859556005641639E+00  -.957297699786307E+00  0.381744213170837E-01
0.957297699786307E+00  0.859556005641639E+00  0.381744213170837E-01
-.859556005641639E+00  0.957297699786307E+00  0.381744213170837E-01
-.778809711554419E+00  -.983486682439872E+00  0.299918388644992E-01
0.983486682439872E+00  -.778809711554419E+00  0.299918388644992E-01
0.778809711554420E+00  0.983486682439872E+00  0.299918388644992E-01
-.983486682439872E+00  0.778809711554420E+00  0.299918388644992E-01
-.475808625218276E+00  -.850076673699749E+00  0.118844667300596E+00
0.850076673699749E+00  -.475808625218276E+00  0.118844667300596E+00
0.475808625218276E+00  0.850076673699749E+00  0.118844667300596E+00
-.850076673699749E+00  0.475808625218276E+00  0.118844667300596E+00
-.755805356572081E+00  -.647821637187011E+00  0.129763550370003E+00
0.647821637187011E+00  -.755805356572081E+00  0.129763550370003E+00
0.755805356572081E+00  0.647821637187011E+00  0.129763550370003E+00
-.647821637187011E+00  0.755805356572081E+00  0.129763550370003E+00
-.342716556040407E+00  -.409304561694039E+00  0.256870749481968E+00
0.409304561694039E+00  -.342716556040407E+00  0.256870749481968E+00
0.342716556040407E+00  0.409304561694039E+00  0.256870749481968E+00
-.409304561694039E+00  0.342716556040407E+00  0.256870749481968E+00
-.138183459862465E+00  -.958925170287535E+00  0.604249238177499E-01
0.958925170287535E+00  -.138183459862465E+00  0.604249238177499E-01
0.138183459862465E+00  0.958925170287535E+00  0.604249238177499E-01
-.958925170287535E+00  0.138183459862465E+00  0.604249238177499E-01
0.707415089964449E-01  -.696250078491749E+00  0.213341581457189E+00
0.696250078491749E+00  0.707415089964448E-01  0.213341581457189E+00
-.707415089964448E-01  0.696250078491749E+00  0.213341581457189E+00
-.696250078491749E+00  -.707415089964447E-01  0.213341581457189E+00
0.390736216129461E+00  -.941327225872925E+00  0.774927385331054E-01
0.941327225872925E+00  0.390736216129461E+00  0.774927385331054E-01
-.390736216129461E+00  0.941327225872925E+00  0.774927385331054E-01
-.941327225872925E+00  -.390736216129461E+00  0.774927385331054E-01
-.312603225224517E-31  -.111444687805978E-31  0.300382115431226E+00

13 33
-.957297699786307E+00  -.859556005641639E+00  0.381744213170837E-01
0.859556005641639E+00  -.957297699786307E+00  0.381744213170837E-01
0.957297699786307E+00  0.859556005641639E+00  0.381744213170837E-01
-.859556005641639E+00  0.957297699786307E+00  0.381744213170837E-01
-.778809711554419E+00  -.983486682439872E+00  0.299918388644991E-01
0.983486682439872E+00  -.778809711554420E+00  0.299918388644991E-01
0.778809711554420E+00  0.983486682439872E+00  0.299918388644991E-01
-.983486682439872E+00  0.778809711554420E+00  0.299918388644991E-01
-.475808625218275E+00  -.850076673699749E+00  0.118844667300596E+00
0.850076673699749E+00  -.475808625218275E+00  0.118844667300596E+00
0.475808625218275E+00  0.850076673699749E+00  0.118844667300596E+00
-.850076673699749E+00  0.475808625218275E+00  0.118844667300596E+00
0.390736216129461E+00  -.941327225872925E+00  0.774927385331056E-01
0.941327225872925E+00  0.390736216129461E+00  0.774927385331056E-01
-.390736216129461E+00  0.941327225872925E+00  0.774927385331056E-01
-.941327225872925E+00  -.390736216129461E+00  0.774927385331056E-01
-.138183459862465E+00  -.958925170287535E+00  0.604249238177498E-01
0.958925170287535E+00  -.138183459862465E+00  0.604249238177498E-01
0.138183459862465E+00  0.958925170287535E+00  0.604249238177498E-01
-.958925170287535E+00  0.138183459862465E+00  0.604249238177498E-01
0.647821637187011E+00  -.755805356572081E+00  0.129763550370003E+00
0.755805356572081E+00  0.647821637187011E+00  0.129763550370003E+00
-.647821637187011E+00  0.755805356572081E+00  0.129763550370003E+00
-.755805356572081E+00  -.647821637187011E+00  0.129763550370003E+00
0.707415089964446E-01  -.696250078491749E+00  0.213341581457190E+00
0.696250078491749E+00  0.707415089964446E-01  0.213341581457190E+00
-.707415089964445E-01  0.696250078491749E+00  0.213341581457190E+00
-.696250078491749E+00  -.707415089964445E-01  0.213341581457190E+00
-.342716556040407E+00  -.409304561694039E+00  0.256870749481968E+00
0.409304561694039E+00  -.342716556040407E+00  0.256870749481968E+00
0.342716556040407E+00  0.409304561694039E+00  0.256870749481968E+00
-.409304561694039E+00  0.342716556040407E+00  0.256870749481968E+00
-.737586919836692E-30  -.652258859467983E-30  0.300382115431225E+00

14 44
-.671478370155019E+00  -.985987654201641E+00  0.199458511656084E-01
0.985987654201641E+00  -.671478370155019E+00  0.199458511656084E-01
0.671478370155019E+00  0.985987654201641E+00  0.199458511656084E-01
-.985987654201641E+00  0.671478370155019E+00  0.199458511656084E-01
-.931884424595799E+00  -.938277033570186E+00  0.268227158001220E-01
0.938277033570185E+00  -.931884424595799E+00  0.268227158001220E-01
0.931884424595799E+00  0.938277033570185E+00  0.268227158001220E-01
-.938277033570185E+00  0.931884424595799E+00  0.268227158001220E-01
0.677697779309898E+00  -.977335769327173E+00  0.295307735842006E-01
0.977335769327173E+00  0.677697779309898E+00  0.295307735842006E-01
-.677697779309898E+00  0.977335769327173E+00  0.295307735842006E-01
-.977335769327173E+00  -.677697779309898E+00  0.295307735842006E-01
0.407367954828415E+00  -.864806665873981E+00  0.103681578047557E+00
0.864806665873981E+00  0.407367954828415E+00  0.103681578047557E+00
-.407367954828415E+00  0.864806665873981E+00  0.103681578047557E+00
-.864806665873981E+00  -.407367954828415E+00  0.103681578047557E+00
0.651817506903665E-01  -.975993565872442E+00  0.435295237596376E-01
0.975993565872442E+00  0.651817506903664E-01  0.435295237596376E-01
-.651817506903664E-01  0.975993565872442E+00  0.435295237596376E-01
-.975993565872442E+00  -.651817506903663E-01  0.435295237596376E-01
-.747311963196077E+00  -.783465244412823E+00  0.946541575398688E-01
0.783465244412823E+00  -.747311963196077E+00  0.946541575398688E-01
0.747311963196077E+00  0.783465244412823E+00  0.946541575398688E-01
-.783465244412823E+00  0.747311963196077E+00  0.946541575398688E-01
0.132830520589827E+00  -.624121032362005E+00  0.158793599183972E+00
0.624121032362005E+00  0.132830520589827E+00  0.158793599183972E+00
-.132830520589827E+00  0.624121032362005E+00  0.158793599183972E+00
-.624121032362005E+00  -.132830520589827E+00  0.158793599183972E+00
-.478137910876972E+00  -.550144821416919E+00  0.163944347027140E+00
0.550144821416919E+00  -.478137910876972E+00  0.163944347027140E+00
0.478137910876972E+00  0.550144821416919E+00  0.163944347027140E+00
-.550144821416919E+00  0.478137910876972E+00  0.163944347027140E+00
-.180328664316452E+00  -.805333598469012E+00  0.103888856583986E+00
0.805333598469012E+00  -.180328664316452E+00  0.103888856583986E+00
0.180328664316452E+00  0.805333598469012E+00  0.103888856583986E+00
-.805333598469012E+00  0.180328664316453E+00  0.103888856583986E+00
-.413476083048801E+00  -.926196584928503E+00  0.579785691045120E-01
0.926196584928503E+00  -.413476083048801E+00  0.579785691045120E-01
0.413476083048801E+00  0.926196584928503E+00  0.579785691045120E-01
-.926196584928503E+00  0.413476083048801E+00  0.579785691045120E-01
-.130763925002749E+00  -.291090875560634E+00  0.197230028203395E+00
0.291090875560634E+00  -.130763925002749E+00  0.197230028203395E+00
0.130763925002749E+00  0.291090875560634E+00  0.197230028203395E+00
-.291090875560634E+00  0.130763925002749E+00  0.197230028203395E+00

15 44
0.774952785777835E+00  -.988544899137806E+00  0.204073203963024E-01
0.988544899137806E+00  0.774952785777835E+00  0.204073203963024E-01
-.774952785777835E+00  0.988544899137806E+00  0.204073203963024E-01
-.988544899137806E+00  -.774952785777835E+00  0.204073203963024E-01
-.907037430365118E+00  -.957144661330843E+00  0.256855453694454E-01
0.957144661330843E+00  -.907037430365118E+00  0.256855453694454E-01
0.907037430365118E+00  0.957144661330843E+00  0.256855453694454E-01
-.957144661330843E+00  0.907037430365119E+00  0.256855453694454E-01
-.430397830686929E+00  -.976957805446879E+00  0.182548934991452E-01
0.976957805446879E+00  -.430397830686929E+00  0.182548934991452E-01
0.430397830686929E+00  0.976957805446879E+00  0.182548934991452E-01
-.976957805446879E+00  0.430397830686929E+00  0.182548934991452E-01
-.975664672390633E+00  -.110706404851350E+00  0.425786379861890E-01
0.110706404851350E+00  -.975664672390633E+00  0.425786379861890E-01
0.975664672390633E+00  0.110706404851349E+00  0.425786379861890E-01
-.110706404851349E+00  0.975664672390633E+00  0.425786379861890E-01
-.738892143731296E+00  -.786861020418721E+00  0.924962124695907E-01
0.786861020418721E+00  -.738892143731296E+00  0.924962124695907E-01
0.738892143731296E+00  0.786861020418721E+00  0.924962124695907E-01
-.786861020418721E+00  0.738892143731296E+00  0.924962124695907E-01
0.199522087671827E+00  -.665928766823955E+00  0.169408010728809E+00
0.665928766823955E+00  0.199522087671827E+00  0.169408010728809E+00
-.199522087671827E+00  0.665928766823955E+00  0.169408010728809E+00
-.665928766823955E+00  -.199522087671827E+00  0.169408010728809E+00
-.193498341206124E+00  -.841227103980802E+00  0.119838216427184E+00
0.841227103980802E+00  -.193498341206124E+00  0.119838216427184E+00
0.193498341206124E+00  0.841227103980802E+00  0.119838216427184E+00
-.841227103980802E+00  0.193498341206124E+00  0.119838216427184E+00
0.488218922779158E+00  -.892236877815370E+00  0.912709922804684E-01
0.892236877815370E+00  0.488218922779158E+00  0.912709922804684E-01
-.488218922779158E+00  0.892236877815370E+00  0.912709922804684E-01
-.892236877815370E+00  -.488218922779158E+00  0.912709922804684E-01
-.577226546104006E+00  -.952653950494495E+00  0.339843350432037E-01
0.952653950494495E+00  -.577226546104006E+00  0.339843350432037E-01
0.577226546104006E+00  0.952653950494495E+00  0.339843350432037E-01
-.952653950494495E+00  0.577226546104006E+00  0.339843350432037E-01
-.447442606311478E+00  -.567545586090989E+00  0.169158399030495E+00
0.567545586090989E+00  -.447442606311478E+00  0.169158399030495E+00
0.447442606311478E+00  0.567545586090989E+00  0.169158399030495E+00
-.567545586090989E+00  0.447442606311478E+00  0.169158399030495E+00
-.704495699514993E-01  -.325667989681710E+00  0.216917436769167E+00
0.325667989681710E+00  -.704495699514993E-01  0.216917436769167E+00
0.704495699514993E-01  0.325667989681710E+00  0.216917436769167E+00
-.325667989681710E+00  0.704495699514994E-01  0.216917436769167E+00

16 55
0.733187319244623E+00  -.971107822143558E+00  0.456009264894727E-02
-.733187319244623E+00  0.971107822143558E+00  0.456009264894727E-02
-.981127888041477E+00  -.966855195909711E+00  0.577021411260537E-02
0.981127888041477E+00  0.966855195909711E+00  0.577021411260537E-02
-.800499559699659E+00  -.974692601166634E+00  0.198883945868101E-01
0.800499559699659E+00  0.974692601166634E+00  0.198883945868101E-01
0.293559420206077E+00  -.323130920857629E+00  0.154782570709673E+00
-.293559420206077E+00  0.323130920857629E+00  0.154782570709673E+00
0.501901365186142E+00  -.976544478536810E+00  0.289351152850884E-01
-.501901365186142E+00  0.976544478536810E+00  0.289351152850884E-01
-.924042788814771E+00  -.849030623516667E+00  0.317417588107007E-01
0.924042788814771E+00  0.849030623516667E+00  0.317417588107007E-01
-.732115984241764E+00  -.753719804200462E+00  0.750997971857593E-01
0.732115984241764E+00  0.753719804200462E+00  0.750997971857593E-01
0.910721870509419E+00  -.973758796912340E+00  0.148457128084487E-01
-.910721870509418E+00  0.973758796912341E+00  0.148457128084487E-01
0.979953160678258E+00  -.382214831229226E+00  0.297088865525040E-01
-.979953160678258E+00  0.382214831229226E+00  0.297088865525040E-01
-.253635943609602E+00  -.298836305008651E+00  0.161292522064596E+00
0.253635943609602E+00  0.298836305008651E+00  0.161292522064596E+00
0.880004969752603E+00  0.484960877412883E+00  0.680478476421910E-01
-.880004969752603E+00  -.484960877412883E+00  0.680478476421910E-01
0.713621927262361E+00  0.249223702032115E+00  0.113058169102582E+00
-.713621927262361E+00  -.249223702032114E+00  0.113058169102582E+00
0.518505109218618E+00  -.350414143631634E-01  0.142836340777022E+00
-.518505109218618E+00  0.350414143631635E-01  0.142836340777022E+00
0.989026230504905E+00  0.627893648928510E+00  0.170299014790474E-01
-.989026230504905E+00  -.627893648928510E+00  0.170299014790474E-01
0.986597124838228E+00  -.859147611949914E+00  0.133989084490618E-01
-.986597124838228E+00  0.859147611949914E+00  0.133989084490618E-01
0.408778591818771E-01  -.589259863556672E+00  0.142201213607426E+00
-.408778591818770E-01  0.589259863556672E+00  0.142201213607426E+00
0.965060414435151E+00  0.143834614672842E+00  0.447123810951713E-01
-.965060414435151E+00  -.143834614672841E+00  0.447123810951713E-01
-.522867017057839E+00  -.928948675270119E+00  0.560570645923034E-01
0.522867017057839E+00  0.928948675270119E+00  0.560570645923034E-01
-.230431637009242E+00  -.802806077378696E+00  0.103952993474556E+00
0.230431637009242E+00  0.802806077378696E+00  0.103952993474556E+00
0.738182188213502E+00  -.865114413934287E+00  0.610857932130442E-01
-.738182188213502E+00  0.865114413934287E+00  0.610857932130442E-01
-.497920609324292E+00  -.565382912662735E+00  0.124595765916852E+00
0.497920609324292E+00  0.565382912662735E+00  0.124595765916852E+00
0.849466912184502E+00  -.157466158609127E+00  0.970760882397498E-01
-.849466912184502E+00  0.157466158609127E+00  0.970760882397498E-01
0.439017642284132E+00  -.731274578446617E+00  0.116782165797859E+00
-.439017642284132E+00  0.731274578446617E+00  0.116782165797859E+00
0.159060119418319E+00  -.911517710710941E+00  0.769280222644225E-01
-.159060119418319E+00  0.911517710710941E+00  0.769280222644225E-01
0.897381851792021E+00  -.662678379977459E+00  0.620373732633839E-01
-.897381851792021E+00  0.662678379977459E+00  0.620373732633839E-01
0.672631244333315E+00  -.469606122241876E+00  0.124567123443540E+00
-.672631244333315E+00  0.469606122241877E+00  0.124567123443540E+00
-.168606427387113E+00  -.993922867334396E+00  0.217066686405556E-01
0.168606427387113E+00  0.993922867334396E+00  0.217066686405556E-01
-.354824153024339E-18  0.322862547439259E-19  0.174602228472199E+00

17 55
-.771038660226363E+00  -.918717065731870E+00  0.178422598595630E-01
0.771038660226363E+00  0.918717065731870E+00  0.178422598595630E-01
0.980345745646939E+00  -.967913525325082E+00  0.482012051943550E-02
-.980345745646938E+00  0.967913525325082E+00  0.482012051943550E-02
-.229263963967552E+00  -.943780039402509E+00  0.395536028834040E-01
0.229263963967552E+00  0.943780039402509E+00  0.395536028834040E-01
0.484717601950599E-03  -.988657834469954E+00  0.177174501456114E-01
-.484717601950478E-03  0.988657834469954E+00  0.177174501456114E-01
-.618941638975018E+00  -.980349121341711E+00  0.231265852243861E-01
0.618941638975018E+00  0.980349121341711E+00  0.231265852243861E-01
0.958731551980251E+00  -.822673786882475E+00  0.243369357110023E-01
-.958731551980251E+00  0.822673786882475E+00  0.243369357110023E-01
0.840930692253375E+00  -.964960146671225E+00  0.215442322340922E-01
-.840930692253375E+00  0.964960146671225E+00  0.215442322340922E-01
-.430804205487743E+00  -.837049227553941E+00  0.792072240265959E-01
0.430804205487743E+00  0.837049227553941E+00  0.792072240265959E-01
0.476143126621159E+00  -.971694304747365E+00  0.336982173140846E-01
-.476143126621159E+00  0.971694304747365E+00  0.336982173140846E-01
0.865114453173314E+00  -.632644736289603E+00  0.638274175095654E-01
-.865114453173314E+00  0.632644736289603E+00  0.638274175095654E-01
0.984661734526702E+00  0.202942555911292E+00  0.273115080808662E-01
-.984661734526702E+00  -.202942555911292E+00  0.273115080808662E-01
-.798163940486303E+00  -.790613568873506E+00  0.588143732552368E-01
0.798163940486303E+00  0.790613568873506E+00  0.588143732552368E-01
0.687759194341472E+00  -.844256057812969E+00  0.662679214870455E-01
-.687759194341472E+00  0.844256057812969E+00  0.662679214870455E-01
-.303830548610654E+00  -.311761583679349E+00  0.169779512987526E+00
0.303830548610654E+00  0.311761583679349E+00  0.169779512987526E+00
0.985257625511626E+00  0.770165979564823E+00  0.175159655539273E-01
-.985257625511626E+00  -.770165979564823E+00  0.175159655539273E-01
0.985375693004645E+00  -.437943217088017E+00  0.248912531902193E-01
-.985375693004645E+00  0.437943217088017E+00  0.248912531902193E-01
0.702467219458052E+00  -.382061901232389E+00  0.116883869858463E+00
-.702467219458052E+00  0.382061901232389E+00  0.116883869858463E+00
0.458951302449902E+00  -.651428605716110E+00  0.122034379245949E+00
-.458951302449902E+00  0.651428605716110E+00  0.122034379245949E+00
-.583893837243210E+00  -.571106845449631E+00  0.122478477272519E+00
0.583893837243210E+00  0.571106845449631E+00  0.122478477272519E+00
0.485536377762597E+00  -.807289674631703E-01  0.160493082157726E+00
-.485536377762597E+00  0.807289674631703E-01  0.160493082157726E+00
0.190955228796812E+00  -.863014936472671E+00  0.921906184377369E-01
-.190955228796812E+00  0.863014936472671E+00  0.921906184377369E-01
0.197091074487310E+00  -.387267817541529E+00  0.167556339395552E+00
-.197091074487310E+00  0.387267817541529E+00  0.167556339395552E+00
0.907014000074254E+00  0.510333484235503E+00  0.674230048013529E-01
-.907014000074254E+00  -.510333484235503E+00  0.674230048013529E-01
-.937070681354818E+00  -.958432998611948E+00  0.170140655552672E-01
0.937070681354819E+00  0.958432998611947E+00  0.170140655552672E-01
-.102409880948229E+00  -.661920136918206E+00  0.142955752519387E+00
0.102409880948229E+00  0.661920136918206E+00  0.142955752519387E+00
0.901865785356365E+00  -.123811537227394E+00  0.813660029124214E-01
-.901865785356365E+00  0.123811537227395E+00  0.813660029124214E-01
0.742225578289463E+00  0.207187659963352E+00  0.126525468161151E+00
-.742225578289463E+00  -.207187659963352E+00  0.126525468161151E+00
-.197577925058618E-19  0.534668884993089E-20  0.185648719399827E+00

18 68
-.966978638571022E+00  -.973700184207758E+00  0.664386622705239E-02
0.973700184207758E+00  -.966978638571022E+00  0.664386622705239E-02
0.966978638571023E+00  0.973700184207758E+00  0.664386622705239E-02
-.973700184207758E+00  0.966978638571023E+00  0.664386622705239E-02
-.215631884251250E+00  -.991093119569596E+00  0.100922002793307E-01
0.991093119569596E+00  -.215631884251251E+00  0.100922002793307E-01
0.215631884251251E+00  0.991093119569596E+00  0.100922002793307E-01
-.991093119569596E+00  0.215631884251251E+00  0.100922002793307E-01
-.738966059001103E+00  -.979738527296615E+00  0.182891622591731E-01
0.979738527296615E+00  -.738966059001103E+00  0.182891622591731E-01
0.738966059001103E+00  0.979738527296615E+00  0.182891622591731E-01
-.979738527296615E+00  0.738966059001103E+00  0.182891622591731E-01
0.768909406031701E+00  -.988274927257295E+00  0.132912705947974E-01
0.988274927257295E+00  0.768909406031701E+00  0.132912705947974E-01
-.768909406031701E+00  0.988274927257295E+00  0.132912705947974E-01
-.988274927257295E+00  -.768909406031701E+00  0.132912705947974E-01
-.892240223441379E+00  -.892556498308721E+00  0.266526446587541E-01
0.892556498308721E+00  -.892240223441379E+00  0.266526446587541E-01
0.892240223441379E+00  0.892556498308721E+00  0.266526446587541E-01
-.892556498308721E+00  0.892240223441379E+00  0.266526446587541E-01
0.261747144271955E+00  -.984470254279494E+00  0.222439952379988E-01
0.984470254279494E+00  0.261747144271955E+00  0.222439952379988E-01
-.261747144271955E+00  0.984470254279494E+00  0.222439952379988E-01
-.984470254279494E+00  -.261747144271955E+00  0.222439952379988E-01
-.774283311920651E+00  -.741122745469041E+00  0.580840332574751E-01
0.741122745469041E+00  -.774283311920651E+00  0.580840332574751E-01
0.774283311920651E+00  0.741122745469041E+00  0.580840332574751E-01
-.741122745469041E+00  0.774283311920651E+00  0.580840332574751E-01
-.550673648555323E+00  -.879649185309583E+00  0.570666482530433E-01
0.879649185309583E+00  -.550673648555323E+00  0.570666482530433E-01
0.550673648555323E+00  0.879649185309583E+00  0.570666482530433E-01
-.879649185309583E+00  0.550673648555323E+00  0.570666482530433E-01
-.579256277218413E+00  -.565233795419916E+00  0.940162476445378E-01
0.565233795419916E+00  -.579256277218413E+00  0.940162476445378E-01
0.579256277218413E+00  0.565233795419916E+00  0.940162476445378E-01
-.565233795419916E+00  0.579256277218413E+00  0.940162476445378E-01
-.101479620672494E-01  -.902485716879770E+00  0.667435344601911E-01
0.902485716879770E+00  -.101479620672494E-01  0.667435344601911E-01
0.101479620672495E-01  0.902485716879770E+00  0.667435344601911E-01
-.902485716879770E+00  0.101479620672495E-01  0.667435344601911E-01
0.542006647522015E+00  -.921089005368470E+00  0.508401143222532E-01
0.921089005368470E+00  0.542006647522015E+00  0.508401143222532E-01
-.542006647522015E+00  0.921089005368470E+00  0.508401143222532E-01
-.921089005368470E+00  -.542006647522015E+00  0.508401143222532E-01
0.294358705407507E+00  -.768326297204943E+00  0.974776689014480E-01
0.768326297204943E+00  0.294358705407507E+00  0.974776689014480E-01
-.294358705407507E+00  0.768326297204943E+00  0.974776689014480E-01
-.768326297204943E+00  -.294358705407507E+00  0.974776689014480E-01
-.351369517288881E+00  -.369262961341046E+00  0.113995343945417E+00
0.369262961341046E+00  -.351369517288881E+00  0.113995343945417E+00
0.351369517288881E+00  0.369262961341046E+00  0.113995343945417E+00
-.369262961341046E+00  0.351369517288881E+00  0.113995343945417E+00
-.370744388179470E+00  -.966709704514813E+00  0.216460054773546E-01
0.966709704514813E+00  -.370744388179470E+00  0.216460054773546E-01
0.370744388179470E+00  0.966709704514813E+00  0.216460054773546E-01
-.966709704514813E+00  0.370744388179470E+00  0.216460054773546E-01
-.268689743998644E+00  -.737029481384677E+00  0.103421464437072E+00
0.737029481384677E+00  -.268689743998644E+00  0.103421464437072E+00
0.268689743998644E+00  0.737029481384677E+00  0.103421464437072E+00
-.737029481384677E+00  0.268689743998644E+00  0.103421464437072E+00
-.114010689509474E+00  -.196973370538389E+00  0.105326946784347E+00
0.196973370538389E+00  -.114010689509474E+00  0.105326946784347E+00
0.114010689509474E+00  0.196973370538389E+00  0.105326946784347E+00
-.196973370538389E+00  0.114010689509474E+00  0.105326946784347E+00
0.361235869538190E-01  -.543011307993761E+00  0.134168853259755E+00
0.543011307993761E+00  0.361235869538190E-01  0.134168853259755E+00
-.361235869538189E-01  0.543011307993761E+00  0.134168853259755E+00
-.543011307993761E+00  -.361235869538189E-01  0.134168853259755E+00

19 68
-.973438631616547E+00  -.974499092903683E+00  0.576450209279595E-02
0.974499092903683E+00  -.973438631616547E+00  0.576450209279595E-02
0.973438631616547E+00  0.974499092903683E+00  0.576450209279595E-02
-.974499092903683E+00  0.973438631616547E+00  0.576450209279595E-02
-.384157458576674E+00  -.967064177894268E+00  0.230138782627537E-01
0.967064177894268E+00  -.384157458576674E+00  0.230138782627537E-01
0.384157458576674E+00  0.967064177894268E+00  0.230138782627537E-01
-.967064177894268E+00  0.384157458576674E+00  0.230138782627537E-01
0.298673493836467E+00  -.990552568905012E+00  0.177364718579690E-01
0.990552568905012E+00  0.298673493836467E+00  0.177364718579690E-01
-.298673493836467E+00  0.990552568905012E+00  0.177364718579690E-01
-.990552568905012E+00  -.298673493836467E+00  0.177364718579690E-01
-.739658173706778E+00  -.986946436903326E+00  0.145512581877583E-01
0.986946436903326E+00  -.739658173706778E+00  0.145512581877583E-01
0.739658173706778E+00  0.986946436903326E+00  0.145512581877583E-01
-.986946436903326E+00  0.739658173706778E+00  0.145512581877583E-01
-.142524497045505E+00  -.973302190451597E+00  0.208727779391236E-01
0.973302190451597E+00  -.142524497045505E+00  0.208727779391236E-01
0.142524497045505E+00  0.973302190451597E+00  0.208727779391236E-01
-.973302190451597E+00  0.142524497045505E+00  0.208727779391236E-01
0.765024037463923E+00  -.980486347192053E+00  0.170741353995670E-01
0.980486347192053E+00  0.765024037463923E+00  0.170741353995670E-01
-.765024037463923E+00  0.980486347192053E+00  0.170741353995670E-01
-.980486347192053E+00  -.765024037463923E+00  0.170741353995670E-01
-.759900663370800E+00  -.727945351745554E+00  0.653251271744429E-01
0.727945351745554E+00  -.759900663370800E+00  0.653251271744429E-01
0.759900663370800E+00  0.727945351745554E+00  0.653251271744429E-01
-.727945351745554E+00  0.759900663370800E+00  0.653251271744429E-01
-.119298776052679E+00  0.263791205873055E-02  0.522717860465961E-01
-.263791205873056E-02  -.119298776052679E+00  0.522717860465961E-01
0.119298776052679E+00  -.263791205873057E-02  0.522717860465961E-01
0.263791205873058E-02  0.119298776052679E+00  0.522717860465961E-01
-.885050444253789E+00  -.902223423286814E+00  0.285398123011472E-01
0.902223423286814E+00  -.885050444253789E+00  0.285398123011472E-01
0.885050444253789E+00  0.902223423286814E+00  0.285398123011472E-01
-.902223423286814E+00  0.885050444253789E+00  0.285398123011472E-01
0.530417465246288E+00  -.912548960708561E+00  0.528766536033837E-01
0.912548960708561E+00  0.530417465246288E+00  0.528766536033837E-01
-.530417465246288E+00  0.912548960708561E+00  0.528766536033837E-01
-.912548960708561E+00  -.530417465246288E+00  0.528766536033837E-01
-.285852894504137E+00  -.294160085469421E+00  0.138899835224803E+00
0.294160085469421E+00  -.285852894504137E+00  0.138899835224803E+00
0.285852894504137E+00  0.294160085469421E+00  0.138899835224803E+00
-.294160085469421E+00  0.285852894504137E+00  0.138899835224803E+00
-.567185010111323E+00  -.883608166089588E+00  0.543639373005900E-01
0.883608166089588E+00  -.567185010111323E+00  0.543639373005900E-01
0.567185010111323E+00  0.883608166089588E+00  0.543639373005900E-01
-.883608166089588E+00  0.567185010111323E+00  0.543639373005900E-01
0.317429514850072E+00  -.729342711208921E+00  0.100791699026310E+00
0.729342711208921E+00  0.317429514850072E+00  0.100791699026310E+00
-.317429514850072E+00  0.729342711208921E+00  0.100791699026310E+00
-.729342711208921E+00  -.317429514850072E+00  0.100791699026310E+00
-.249243051386915E+00  -.767256328443653E+00  0.985247221381267E-01
0.767256328443653E+00  -.249243051386915E+00  0.985247221381267E-01
0.249243051386915E+00  0.767256328443653E+00  0.985247221381267E-01
-.767256328443653E+00  0.249243051386915E+00  0.985247221381267E-01
-.508779356849452E+00  -.562373843911822E+00  0.109120211198698E+00
0.562373843911822E+00  -.508779356849452E+00  0.109120211198698E+00
0.508779356849452E+00  0.562373843911822E+00  0.109120211198698E+00
-.562373843911822E+00  0.508779356849452E+00  0.109120211198698E+00
0.733571939641440E-01  -.893092585539718E+00  0.650321877074977E-01
0.893092585539718E+00  0.733571939641439E-01  0.650321877074977E-01
-.733571939641438E-01  0.893092585539718E+00  0.650321877074977E-01
-.893092585539718E+00  -.733571939641438E-01  0.650321877074977E-01
0.835077572384284E-02  -.539245738710247E+00  0.135241004538437E+00
0.539245738710247E+00  0.835077572384280E-02  0.135241004538437E+00
-.835077572384277E-02  0.539245738710247E+00  0.135241004538437E+00
-.539245738710247E+00  -.835077572384274E-02  0.135241004538437E+00

20 81
-.979511074003403E+00  -.983190607312274E+00  0.339875135122798E-02
0.983190607312274E+00  -.979511074003403E+00  0.339875135122798E-02
0.979511074003403E+00  0.983190607312274E+00  0.339875135122798E-02
-.983190607312273E+00  0.979511074003403E+00  0.339875135122798E-02
-.743176106924820E+00  -.992374309606154E+00  0.978396067173534E-02
0.992374309606154E+00  -.743176106924820E+00  0.978396067173534E-02
0.743176106924820E+00  0.992374309606154E+00  0.978396067173534E-02
-.992374309606154E+00  0.743176106924820E+00  0.978396067173534E-02
-.428314412835561E+00  -.964146047476980E+00  0.282578653976829E-01
0.964146047476980E+00  -.428314412835561E+00  0.282578653976829E-01
0.428314412835561E+00  0.964146047476980E+00  0.282578653976829E-01
-.964146047476980E+00  0.428314412835561E+00  0.282578653976829E-01
0.219539112480890E+00  -.963169748353227E+00  0.228028719987222E-01
0.963169748353227E+00  0.219539112480890E+00  0.228028719987222E-01
-.219539112480890E+00  0.963169748353227E+00  0.228028719987222E-01
-.963169748353227E+00  -.219539112480890E+00  0.228028719987222E-01
0.605614090785830E+00  -.933161990784875E+00  0.346725428128607E-01
0.933161990784875E+00  0.605614090785830E+00  0.346725428128607E-01
-.605614090785830E+00  0.933161990784875E+00  0.346725428128607E-01
-.933161990784875E+00  -.605614090785830E+00  0.346725428128607E-01
0.453862578339497E+00  -.998017496902268E+00  0.794516972949167E-02
0.998017496902268E+00  0.453862578339497E+00  0.794516972949167E-02
-.453862578339497E+00  0.998017496902268E+00  0.794516972949167E-02
-.998017496902268E+00  -.453862578339497E+00  0.794516972949167E-02
-.809553746700499E+00  -.762359148851567E+00  0.462163530043272E-01
0.762359148851567E+00  -.809553746700499E+00  0.462163530043272E-01
0.809553746700499E+00  0.762359148851567E+00  0.462163530043272E-01
-.762359148851567E+00  0.809553746700499E+00  0.462163530043272E-01
-.118757911982760E+00  -.987980166442065E+00  0.136380457520192E-01
0.987980166442065E+00  -.118757911982760E+00  0.136380457520192E-01
0.118757911982760E+00  0.987980166442065E+00  0.136380457520192E-01
-.987980166442065E+00  0.118757911982760E+00  0.136380457520192E-01
-.892323515750516E+00  -.933362187150009E+00  0.203367111693426E-01
0.933362187150009E+00  -.892323515750517E+00  0.203367111693426E-01
0.892323515750517E+00  0.933362187150009E+00  0.203367111693426E-01
-.933362187150009E+00  0.892323515750517E+00  0.203367111693426E-01
0.823155303865823E+00  -.979236016794394E+00  0.133818587267639E-01
0.979236016794394E+00  0.823155303865823E+00  0.133818587267639E-01
-.823155303865822E+00  0.979236016794394E+00  0.133818587267639E-01
-.979236016794394E+00  -.823155303865822E+00  0.133818587267639E-01
-.228871105095964E+00  -.844813605697559E+00  0.624332894479566E-01
0.844813605697559E+00  -.228871105095964E+00  0.624332894479566E-01
0.228871105095964E+00  0.844813605697559E+00  0.624332894479566E-01
-.844813605697559E+00  0.228871105095964E+00  0.624332894479566E-01
-.641464418001312E+00  -.888738348033390E+00  0.423949562272885E-01
0.888738348033390E+00  -.641464418001312E+00  0.423949562272885E-01
0.641464418001312E+00  0.888738348033390E+00  0.423949562272885E-01
-.888738348033390E+00  0.641464418001312E+00  0.423949562272885E-01
0.210011828569019E-01  -.915463629201346E+00  0.313661509284234E-01
0.915463629201346E+00  0.210011828569018E-01  0.313661509284234E-01
-.210011828569018E-01  0.915463629201346E+00  0.313661509284234E-01
-.915463629201346E+00  -.210011828569017E-01  0.313661509284234E-01
0.293903904908953E+00  -.470067356386567E+00  0.112842494744752E+00
0.470067356386567E+00  0.293903904908953E+00  0.112842494744752E+00
-.293903904908953E+00  0.470067356386567E+00  0.112842494744752E+00
-.470067356386567E+00  -.293903904908953E+00  0.112842494744752E+00
-.470120949575326E+00  -.711084945281654E+00  0.770852940740445E-01
0.711084945281654E+00  -.470120949575326E+00  0.770852940740445E-01
0.470120949575326E+00  0.711084945281654E+00  0.770852940740445E-01
-.711084945281654E+00  0.470120949575326E+00  0.770852940740445E-01
-.256184542352047E+00  -.137246875728557E-01  0.129599256954454E+00
0.137246875728557E-01  -.256184542352047E+00  0.129599256954454E+00
0.256184542352047E+00  0.137246875728557E-01  0.129599256954454E+00
-.137246875728557E-01  0.256184542352047E+00  0.129599256954454E+00
0.533163407842607E+00  -.674672258425503E+00  0.766179005895157E-01
0.674672258425503E+00  0.533163407842607E+00  0.766179005895157E-01
-.533163407842607E+00  0.674672258425503E+00  0.766179005895157E-01
-.674672258425503E+00  -.533163407842607E+00  0.766179005895157E-01
0.345833057565054E+00  -.840805620336252E+00  0.603232277124721E-01
0.840805620336252E+00  0.345833057565054E+00  0.603232277124721E-01
-.345833057565054E+00  0.840805620336252E+00  0.603232277124721E-01
-.840805620336252E+00  -.345833057565054E+00  0.603232277124721E-01
0.663073285773723E-01  -.697352754322461E+00  0.949405075391883E-01
0.697352754322461E+00  0.663073285773723E-01  0.949405075391883E-01
-.663073285773722E-01  0.697352754322461E+00  0.949405075391883E-01
-.697352754322461E+00  -.663073285773722E-01  0.949405075391883E-01
-.215792999227424E+00  -.516858432798624E+00  0.111773091666996E+00
0.516858432798624E+00  -.215792999227424E+00  0.111773091666996E+00
0.215792999227424E+00  0.516858432798624E+00  0.111773091666996E+00
-.516858432798624E+00  0.215792999227424E+00  0.111773091666996E+00
-.119540596845254E-31  0.324041676447127E-32  0.758798002940742E-03

