1           1
0.000000000000000E+00  0.000000000000000E+00  0.400000000000000E+01

2           4
0.577350269189626E+00  -.577350269189626E+00  0.100000000000000E+01
-.577350269189626E+00  -.577350269189626E+00  0.100000000000000E+01
-.577350269189626E+00  0.577350269189626E+00  0.100000000000000E+01
0.577350269189626E+00  0.577350269189626E+00  0.100000000000000E+01

3           4
0.577350269189626E+00  -.577350269189626E+00  0.100000000000000E+01
-.577350269189626E+00  -.577350269189626E+00  0.100000000000000E+01
-.577350269189626E+00  0.577350269189626E+00  0.100000000000000E+01
0.577350269189626E+00  0.577350269189626E+00  0.100000000000000E+01

4           8
0.000000000000000E+00  -.683130051063973E+00  0.816326530612245E+00
-.683130051063973E+00  0.000000000000000E+00  0.816326530612245E+00
0.000000000000000E+00  0.683130051063973E+00  0.816326530612245E+00
0.683130051063973E+00  0.000000000000000E+00  0.816326530612245E+00
-.881917103688197E+00  -.881917103688197E+00  0.183673469387755E+00
-.881917103688197E+00  0.881917103688197E+00  0.183673469387755E+00
0.881917103688197E+00  0.881917103688197E+00  0.183673469387755E+00
0.881917103688197E+00  -.881917103688197E+00  0.183673469387755E+00

5           8
0.000000000000000E+00  -.683130051063973E+00  0.816326530612245E+00
-.683130051063973E+00  0.000000000000000E+00  0.816326530612245E+00
0.000000000000000E+00  0.683130051063973E+00  0.816326530612245E+00
0.683130051063973E+00  0.000000000000000E+00  0.816326530612245E+00
-.881917103688197E+00  -.881917103688197E+00  0.183673469387755E+00
-.881917103688197E+00  0.881917103688197E+00  0.183673469387755E+00
0.881917103688197E+00  0.881917103688197E+00  0.183673469387755E+00
0.881917103688197E+00  -.881917103688197E+00  0.183673469387755E+00

6          12
0.380554433208316E+00  -.380554433208316E+00  0.520592916667394E+00
-.380554433208316E+00  -.380554433208316E+00  0.520592916667394E+00
-.380554433208316E+00  0.380554433208316E+00  0.520592916667394E+00
0.380554433208316E+00  0.380554433208316E+00  0.520592916667394E+00
-.805979782918599E+00  -.805979782918599E+00  0.237431774690630E+00
-.805979782918599E+00  0.805979782918599E+00  0.237431774690630E+00
0.805979782918599E+00  0.805979782918599E+00  0.237431774690630E+00
0.805979782918599E+00  -.805979782918599E+00  0.237431774690630E+00
-.925820099772551E+00  0.000000000000000E+00  0.241975308641975E+00
0.000000000000000E+00  0.925820099772551E+00  0.241975308641975E+00
0.925820099772551E+00  0.000000000000000E+00  0.241975308641975E+00
0.000000000000000E+00  -.925820099772551E+00  0.241975308641975E+00

7          12
0.380554433208316E+00  -.380554433208316E+00  0.520592916667394E+00
-.380554433208316E+00  -.380554433208316E+00  0.520592916667394E+00
-.380554433208316E+00  0.380554433208316E+00  0.520592916667394E+00
0.380554433208316E+00  0.380554433208316E+00  0.520592916667394E+00
-.805979782918599E+00  -.805979782918599E+00  0.237431774690630E+00
-.805979782918599E+00  0.805979782918599E+00  0.237431774690630E+00
0.805979782918599E+00  0.805979782918599E+00  0.237431774690630E+00
0.805979782918599E+00  -.805979782918599E+00  0.237431774690630E+00
-.925820099772551E+00  0.000000000000000E+00  0.241975308641975E+00
0.000000000000000E+00  0.925820099772551E+00  0.241975308641975E+00
0.925820099772551E+00  0.000000000000000E+00  0.241975308641975E+00
0.000000000000000E+00  -.925820099772551E+00  0.241975308641975E+00

8          20
0.000000000000000E+00  -.488926856974369E+00  0.454163960686749E+00
-.488926856974369E+00  0.000000000000000E+00  0.454163960686749E+00
0.000000000000000E+00  0.488926856974369E+00  0.454163960686749E+00
0.488926856974369E+00  0.000000000000000E+00  0.454163960686749E+00
-.939655258096838E+00  -.939655258096838E+00  0.427312318657758E-01
-.939655258096838E+00  0.939655258096838E+00  0.427312318657758E-01
0.939655258096838E+00  0.939655258096838E+00  0.427312318657758E-01
0.939655258096838E+00  -.939655258096838E+00  0.427312318657758E-01
0.690880550486344E+00  -.690880550486344E+00  0.214200360926862E+00
-.690880550486344E+00  -.690880550486344E+00  0.214200360926862E+00
-.690880550486344E+00  0.690880550486344E+00  0.214200360926862E+00
0.690880550486344E+00  0.690880550486344E+00  0.214200360926862E+00
0.344872025364404E+00  -.918620441056722E+00  0.144452223260307E+00
-.918620441056722E+00  -.344872025364404E+00  0.144452223260307E+00
-.344872025364404E+00  0.918620441056722E+00  0.144452223260307E+00
0.918620441056722E+00  0.344872025364404E+00  0.144452223260307E+00
-.344872025364404E+00  -.918620441056722E+00  0.144452223260307E+00
0.918620441056722E+00  -.344872025364404E+00  0.144452223260307E+00
0.344872025364404E+00  0.918620441056722E+00  0.144452223260307E+00
-.918620441056722E+00  0.344872025364404E+00  0.144452223260307E+00

9          20
0.000000000000000E+00  -.488926856974369E+00  0.454163960686749E+00
-.488926856974369E+00  0.000000000000000E+00  0.454163960686749E+00
0.000000000000000E+00  0.488926856974369E+00  0.454163960686749E+00
0.488926856974369E+00  0.000000000000000E+00  0.454163960686749E+00
-.939655258096838E+00  -.939655258096838E+00  0.427312318657758E-01
-.939655258096838E+00  0.939655258096838E+00  0.427312318657758E-01
0.939655258096838E+00  0.939655258096838E+00  0.427312318657758E-01
0.939655258096838E+00  -.939655258096838E+00  0.427312318657758E-01
0.690880550486344E+00  -.690880550486344E+00  0.214200360926862E+00
-.690880550486344E+00  -.690880550486344E+00  0.214200360926862E+00
-.690880550486344E+00  0.690880550486344E+00  0.214200360926862E+00
0.690880550486344E+00  0.690880550486344E+00  0.214200360926862E+00
0.344872025364404E+00  -.918620441056722E+00  0.144452223260307E+00
-.918620441056722E+00  -.344872025364404E+00  0.144452223260307E+00
-.344872025364404E+00  0.918620441056722E+00  0.144452223260307E+00
0.918620441056722E+00  0.344872025364404E+00  0.144452223260307E+00
-.344872025364404E+00  -.918620441056722E+00  0.144452223260307E+00
0.918620441056722E+00  -.344872025364404E+00  0.144452223260307E+00
0.344872025364404E+00  0.918620441056722E+00  0.144452223260307E+00
-.918620441056722E+00  0.344872025364404E+00  0.144452223260307E+00

10          28
0.000000000000000E+00  -.750257136682032E+00  0.188518942240165E+00
-.750257136682032E+00  0.000000000000000E+00  0.188518942240165E+00
0.000000000000000E+00  0.750257136682032E+00  0.188518942240165E+00
0.750257136682032E+00  0.000000000000000E+00  0.188518942240165E+00
-.894798900903841E+00  0.894798900903841E+00  0.717786264120190E-01
0.894798900903841E+00  0.894798900903841E+00  0.717786264120190E-01
0.894798900903841E+00  -.894798900903841E+00  0.717786264120190E-01
-.894798900903841E+00  -.894798900903841E+00  0.717786264120190E-01
0.279510354467327E+00  -.279510354467327E+00  0.295618614376995E+00
-.279510354467327E+00  -.279510354467327E+00  0.295618614376995E+00
-.279510354467327E+00  0.279510354467327E+00  0.295618614376995E+00
0.279510354467327E+00  0.279510354467327E+00  0.295618614376995E+00
-.632320259168081E+00  -.632320259168081E+00  0.220081651552368E+00
-.632320259168081E+00  0.632320259168081E+00  0.220081651552368E+00
0.632320259168081E+00  0.632320259168081E+00  0.220081651552368E+00
0.632320259168081E+00  -.632320259168081E+00  0.220081651552368E+00
-.835450546279174E+00  0.000000000000000E+00  0.616303764260518E-01
0.000000000000000E+00  0.835450546279174E+00  0.616303764260518E-01
0.835450546279174E+00  0.000000000000000E+00  0.616303764260518E-01
0.000000000000000E+00  -.835450546279174E+00  0.616303764260518E-01
0.432916057678581E+00  -.961090421404327E+00  0.811858944962003E-01
-.961090421404327E+00  -.432916057678581E+00  0.811858944962003E-01
-.432916057678581E+00  0.961090421404327E+00  0.811858944962003E-01
0.961090421404327E+00  0.432916057678581E+00  0.811858944962003E-01
-.432916057678581E+00  -.961090421404327E+00  0.811858944962003E-01
0.961090421404327E+00  -.432916057678581E+00  0.811858944962003E-01
0.432916057678581E+00  0.961090421404327E+00  0.811858944962003E-01
-.961090421404327E+00  0.432916057678581E+00  0.811858944962003E-01

11          28
0.000000000000000E+00  -.750257136682032E+00  0.188518942240165E+00
-.750257136682032E+00  0.000000000000000E+00  0.188518942240165E+00
0.000000000000000E+00  0.750257136682032E+00  0.188518942240165E+00
0.750257136682032E+00  0.000000000000000E+00  0.188518942240165E+00
-.894798900903841E+00  0.894798900903841E+00  0.717786264120190E-01
0.894798900903841E+00  0.894798900903841E+00  0.717786264120190E-01
0.894798900903841E+00  -.894798900903841E+00  0.717786264120190E-01
-.894798900903841E+00  -.894798900903841E+00  0.717786264120190E-01
0.279510354467327E+00  -.279510354467327E+00  0.295618614376995E+00
-.279510354467327E+00  -.279510354467327E+00  0.295618614376995E+00
-.279510354467327E+00  0.279510354467327E+00  0.295618614376995E+00
0.279510354467327E+00  0.279510354467327E+00  0.295618614376995E+00
-.632320259168081E+00  -.632320259168081E+00  0.220081651552368E+00
-.632320259168081E+00  0.632320259168081E+00  0.220081651552368E+00
0.632320259168081E+00  0.632320259168081E+00  0.220081651552368E+00
0.632320259168081E+00  -.632320259168081E+00  0.220081651552368E+00
-.835450546279174E+00  0.000000000000000E+00  0.616303764260518E-01
0.000000000000000E+00  0.835450546279174E+00  0.616303764260518E-01
0.835450546279174E+00  0.000000000000000E+00  0.616303764260518E-01
0.000000000000000E+00  -.835450546279174E+00  0.616303764260518E-01
0.432916057678581E+00  -.961090421404327E+00  0.811858944962003E-01
-.961090421404327E+00  -.432916057678581E+00  0.811858944962003E-01
-.432916057678581E+00  0.961090421404327E+00  0.811858944962003E-01
0.961090421404327E+00  0.432916057678581E+00  0.811858944962003E-01
-.432916057678581E+00  -.961090421404327E+00  0.811858944962003E-01
0.961090421404327E+00  -.432916057678581E+00  0.811858944962003E-01
0.432916057678581E+00  0.961090421404327E+00  0.811858944962003E-01
-.961090421404327E+00  0.432916057678581E+00  0.811858944962003E-01

12          37
0.000000000000000E+00  -.695027606368635E+00  0.217962953347842E+00
-.695027606368635E+00  0.000000000000000E+00  0.217962953347842E+00
0.000000000000000E+00  0.695027606368635E+00  0.217962953347842E+00
0.695027606368635E+00  0.000000000000000E+00  0.217962953347842E+00
0.000000000000000E+00  0.985676696674615E+00  0.366394344278841E-01
0.985676696674615E+00  0.000000000000000E+00  0.366394344278841E-01
0.000000000000000E+00  -.985676696674615E+00  0.366394344278841E-01
-.985676696674615E+00  0.000000000000000E+00  0.366394344278841E-01
0.693308468676586E+00  0.693308468676586E+00  0.142433407633062E+00
0.693308468676586E+00  -.693308468676586E+00  0.142433407633062E+00
-.693308468676586E+00  -.693308468676586E+00  0.142433407633062E+00
-.693308468676586E+00  0.693308468676586E+00  0.142433407633062E+00
-.357626610749584E+00  -.357626610749584E+00  0.285338637611869E+00
-.357626610749584E+00  0.357626610749584E+00  0.285338637611869E+00
0.357626610749584E+00  0.357626610749584E+00  0.285338637611869E+00
0.357626610749584E+00  -.357626610749584E+00  0.285338637611869E+00
0.000000000000000E+00  -.230217441833067E+00  -.850392331657287E-01
-.230217441833067E+00  0.000000000000000E+00  -.850392331657287E-01
0.000000000000000E+00  0.230217441833067E+00  -.850392331657287E-01
0.230217441833067E+00  0.000000000000000E+00  -.850392331657287E-01
0.000000000000000E+00  0.000000000000000E+00  0.487973621761995E+00
0.970406810551865E+00  -.824907581508027E+00  0.343535630286523E-01
-.824907581508027E+00  -.970406810551865E+00  0.343535630286523E-01
-.970406810551865E+00  0.824907581508027E+00  0.343535630286523E-01
0.824907581508027E+00  0.970406810551865E+00  0.343535630286523E-01
0.413351017723858E+00  -.902639933196467E+00  0.105982134323634E+00
-.902639933196467E+00  -.413351017723858E+00  0.105982134323634E+00
-.413351017723858E+00  0.902639933196467E+00  0.105982134323634E+00
0.902639933196467E+00  0.413351017723858E+00  0.105982134323634E+00
-.970406810551865E+00  -.824907581508027E+00  0.343535630286523E-01
0.824907581508027E+00  -.970406810551865E+00  0.343535630286523E-01
0.970406810551865E+00  0.824907581508027E+00  0.343535630286523E-01
-.824907581508027E+00  0.970406810551865E+00  0.343535630286523E-01
-.413351017723858E+00  -.902639933196467E+00  0.105982134323634E+00
0.902639933196467E+00  -.413351017723858E+00  0.105982134323634E+00
0.413351017723858E+00  0.902639933196467E+00  0.105982134323634E+00
-.902639933196467E+00  0.413351017723858E+00  0.105982134323634E+00

13          37
0.000000000000000E+00  -.695027606368635E+00  0.217962953347842E+00
-.695027606368635E+00  0.000000000000000E+00  0.217962953347842E+00
0.000000000000000E+00  0.695027606368635E+00  0.217962953347842E+00
0.695027606368635E+00  0.000000000000000E+00  0.217962953347842E+00
0.000000000000000E+00  0.985676696674615E+00  0.366394344278841E-01
0.985676696674615E+00  0.000000000000000E+00  0.366394344278841E-01
0.000000000000000E+00  -.985676696674615E+00  0.366394344278841E-01
-.985676696674615E+00  0.000000000000000E+00  0.366394344278841E-01
0.693308468676586E+00  0.693308468676586E+00  0.142433407633062E+00
0.693308468676586E+00  -.693308468676586E+00  0.142433407633062E+00
-.693308468676586E+00  -.693308468676586E+00  0.142433407633062E+00
-.693308468676586E+00  0.693308468676586E+00  0.142433407633062E+00
-.357626610749584E+00  -.357626610749584E+00  0.285338637611869E+00
-.357626610749584E+00  0.357626610749584E+00  0.285338637611869E+00
0.357626610749584E+00  0.357626610749584E+00  0.285338637611869E+00
0.357626610749584E+00  -.357626610749584E+00  0.285338637611869E+00
0.000000000000000E+00  -.230217441833067E+00  -.850392331657287E-01
-.230217441833067E+00  0.000000000000000E+00  -.850392331657287E-01
0.000000000000000E+00  0.230217441833067E+00  -.850392331657287E-01
0.230217441833067E+00  0.000000000000000E+00  -.850392331657287E-01
0.000000000000000E+00  0.000000000000000E+00  0.487973621761995E+00
0.970406810551865E+00  -.824907581508027E+00  0.343535630286523E-01
-.824907581508027E+00  -.970406810551865E+00  0.343535630286523E-01
-.970406810551865E+00  0.824907581508027E+00  0.343535630286523E-01
0.824907581508027E+00  0.970406810551865E+00  0.343535630286523E-01
0.413351017723858E+00  -.902639933196467E+00  0.105982134323634E+00
-.902639933196467E+00  -.413351017723858E+00  0.105982134323634E+00
-.413351017723858E+00  0.902639933196467E+00  0.105982134323634E+00
0.902639933196467E+00  0.413351017723858E+00  0.105982134323634E+00
-.970406810551865E+00  -.824907581508027E+00  0.343535630286523E-01
0.824907581508027E+00  -.970406810551865E+00  0.343535630286523E-01
0.970406810551865E+00  0.824907581508027E+00  0.343535630286523E-01
-.824907581508027E+00  0.970406810551865E+00  0.343535630286523E-01
-.413351017723858E+00  -.902639933196467E+00  0.105982134323634E+00
0.902639933196467E+00  -.413351017723858E+00  0.105982134323634E+00
0.413351017723858E+00  0.902639933196467E+00  0.105982134323634E+00
-.902639933196467E+00  0.413351017723858E+00  0.105982134323634E+00

14          48
0.000000000000000E+00  -.578148394051193E+00  0.136529779737732E+00
-.578148394051193E+00  0.000000000000000E+00  0.136529779737732E+00
0.000000000000000E+00  0.578148394051193E+00  0.136529779737732E+00
0.578148394051193E+00  0.000000000000000E+00  0.136529779737732E+00
-.515077062017466E+00  -.515077062017466E+00  0.164021044275149E+00
-.515077062017466E+00  0.515077062017466E+00  0.164021044275149E+00
0.515077062017466E+00  0.515077062017466E+00  0.164021044275149E+00
0.515077062017466E+00  -.515077062017466E+00  0.164021044275149E+00
-.934851632054998E+00  -.934851632054998E+00  0.273512433153036E-01
-.934851632054998E+00  0.934851632054998E+00  0.273512433153036E-01
0.934851632054998E+00  0.934851632054998E+00  0.273512433153036E-01
0.934851632054998E+00  -.934851632054998E+00  0.273512433153036E-01
-.975532100745118E+00  0.000000000000000E+00  0.441054065774125E-01
0.000000000000000E+00  0.975532100745118E+00  0.441054065774125E-01
0.975532100745118E+00  0.000000000000000E+00  0.441054065774125E-01
0.000000000000000E+00  -.975532100745118E+00  0.441054065774125E-01
0.765875639061376E+00  0.765875639061376E+00  0.949124549245943E-01
0.765875639061376E+00  -.765875639061376E+00  0.949124549245943E-01
-.765875639061376E+00  -.765875639061376E+00  0.949124549245943E-01
-.765875639061376E+00  0.765875639061376E+00  0.949124549245943E-01
0.216363395480153E+00  0.216363395480153E+00  0.177293723008270E+00
0.216363395480153E+00  -.216363395480153E+00  0.177293723008270E+00
-.216363395480153E+00  -.216363395480153E+00  0.177293723008270E+00
-.216363395480153E+00  0.216363395480153E+00  0.177293723008270E+00
-.395545415072406E+00  -.892274252822280E+00  0.767069275532115E-01
-.892274252822280E+00  0.395545415072406E+00  0.767069275532115E-01
0.395545415072406E+00  0.892274252822280E+00  0.767069275532115E-01
0.892274252822280E+00  -.395545415072406E+00  0.767069275532115E-01
-.980864279411820E+00  -.661043673486401E+00  0.269106576752503E-01
-.661043673486401E+00  0.980864279411820E+00  0.269106576752503E-01
0.980864279411820E+00  0.661043673486401E+00  0.269106576752503E-01
0.661043673486401E+00  -.980864279411820E+00  0.269106576752503E-01
-.770880931801830E+00  0.210047063273114E+00  0.742755888523079E-01
0.210047063273114E+00  0.770880931801830E+00  0.742755888523079E-01
0.770880931801830E+00  -.210047063273114E+00  0.742755888523079E-01
-.210047063273114E+00  -.770880931801830E+00  0.742755888523079E-01
0.395545415072406E+00  -.892274252822280E+00  0.767069275532115E-01
0.892274252822280E+00  0.395545415072406E+00  0.767069275532115E-01
-.395545415072406E+00  0.892274252822280E+00  0.767069275532115E-01
-.892274252822280E+00  -.395545415072406E+00  0.767069275532115E-01
0.980864279411820E+00  -.661043673486401E+00  0.269106576752503E-01
0.661043673486401E+00  0.980864279411820E+00  0.269106576752503E-01
-.980864279411820E+00  0.661043673486401E+00  0.269106576752503E-01
-.661043673486401E+00  -.980864279411820E+00  0.269106576752503E-01
0.770880931801830E+00  0.210047063273114E+00  0.742755888523079E-01
-.210047063273114E+00  0.770880931801830E+00  0.742755888523079E-01
-.770880931801830E+00  -.210047063273114E+00  0.742755888523079E-01
0.210047063273114E+00  -.770880931801830E+00  0.742755888523079E-01

15          48
0.000000000000000E+00  -.578148394051193E+00  0.136529779737732E+00
-.578148394051193E+00  0.000000000000000E+00  0.136529779737732E+00
0.000000000000000E+00  0.578148394051193E+00  0.136529779737732E+00
0.578148394051193E+00  0.000000000000000E+00  0.136529779737732E+00
-.515077062017466E+00  -.515077062017466E+00  0.164021044275149E+00
-.515077062017466E+00  0.515077062017466E+00  0.164021044275149E+00
0.515077062017466E+00  0.515077062017466E+00  0.164021044275149E+00
0.515077062017466E+00  -.515077062017466E+00  0.164021044275149E+00
-.934851632054998E+00  -.934851632054998E+00  0.273512433153036E-01
-.934851632054998E+00  0.934851632054998E+00  0.273512433153036E-01
0.934851632054998E+00  0.934851632054998E+00  0.273512433153036E-01
0.934851632054998E+00  -.934851632054998E+00  0.273512433153036E-01
-.975532100745118E+00  0.000000000000000E+00  0.441054065774125E-01
0.000000000000000E+00  0.975532100745118E+00  0.441054065774125E-01
0.975532100745118E+00  0.000000000000000E+00  0.441054065774125E-01
0.000000000000000E+00  -.975532100745118E+00  0.441054065774125E-01
0.765875639061376E+00  0.765875639061376E+00  0.949124549245943E-01
0.765875639061376E+00  -.765875639061376E+00  0.949124549245943E-01
-.765875639061376E+00  -.765875639061376E+00  0.949124549245943E-01
-.765875639061376E+00  0.765875639061376E+00  0.949124549245943E-01
0.216363395480153E+00  0.216363395480153E+00  0.177293723008270E+00
0.216363395480153E+00  -.216363395480153E+00  0.177293723008270E+00
-.216363395480153E+00  -.216363395480153E+00  0.177293723008270E+00
-.216363395480153E+00  0.216363395480153E+00  0.177293723008270E+00
-.395545415072406E+00  -.892274252822280E+00  0.767069275532115E-01
-.892274252822280E+00  0.395545415072406E+00  0.767069275532115E-01
0.395545415072406E+00  0.892274252822280E+00  0.767069275532115E-01
0.892274252822280E+00  -.395545415072406E+00  0.767069275532115E-01
-.980864279411820E+00  -.661043673486401E+00  0.269106576752503E-01
-.661043673486401E+00  0.980864279411820E+00  0.269106576752503E-01
0.980864279411820E+00  0.661043673486401E+00  0.269106576752503E-01
0.661043673486401E+00  -.980864279411820E+00  0.269106576752503E-01
-.770880931801830E+00  0.210047063273114E+00  0.742755888523079E-01
0.210047063273114E+00  0.770880931801830E+00  0.742755888523079E-01
0.770880931801830E+00  -.210047063273114E+00  0.742755888523079E-01
-.210047063273114E+00  -.770880931801830E+00  0.742755888523079E-01
0.395545415072406E+00  -.892274252822280E+00  0.767069275532115E-01
0.892274252822280E+00  0.395545415072406E+00  0.767069275532115E-01
-.395545415072406E+00  0.892274252822280E+00  0.767069275532115E-01
-.892274252822280E+00  -.395545415072406E+00  0.767069275532115E-01
0.980864279411820E+00  -.661043673486401E+00  0.269106576752503E-01
0.661043673486401E+00  0.980864279411820E+00  0.269106576752503E-01
-.980864279411820E+00  0.661043673486401E+00  0.269106576752503E-01
-.661043673486401E+00  -.980864279411820E+00  0.269106576752503E-01
0.770880931801830E+00  0.210047063273114E+00  0.742755888523079E-01
-.210047063273114E+00  0.770880931801830E+00  0.742755888523079E-01
-.770880931801830E+00  -.210047063273114E+00  0.742755888523079E-01
0.210047063273114E+00  -.770880931801830E+00  0.742755888523079E-01

16          57
0.000000000000000E+00  -.545042987209148E+00  0.138804377687220E+00
-.545042987209148E+00  0.000000000000000E+00  0.138804377687220E+00
0.000000000000000E+00  0.545042987209148E+00  0.138804377687220E+00
0.545042987209148E+00  0.000000000000000E+00  0.138804377687220E+00
0.000000000000000E+00  -.917497188219153E+00  0.653478238074649E-01
-.917497188219153E+00  0.000000000000000E+00  0.653478238074649E-01
0.000000000000000E+00  0.917497188219153E+00  0.653478238074649E-01
0.917497188219153E+00  0.000000000000000E+00  0.653478238074649E-01
-.947512856485360E+00  0.947512856485360E+00  0.167716557027764E-01
0.947512856485360E+00  0.947512856485360E+00  0.167716557027764E-01
0.947512856485360E+00  -.947512856485360E+00  0.167716557027764E-01
-.947512856485360E+00  -.947512856485360E+00  0.167716557027764E-01
-.583148229229625E+00  -.583148229229625E+00  0.119271513193551E+00
-.583148229229625E+00  0.583148229229625E+00  0.119271513193551E+00
0.583148229229625E+00  0.583148229229625E+00  0.119271513193551E+00
0.583148229229625E+00  -.583148229229625E+00  0.119271513193551E+00
-.803997581310689E+00  -.803997581310689E+00  0.605820283567620E-01
-.803997581310689E+00  0.803997581310689E+00  0.605820283567620E-01
0.803997581310689E+00  0.803997581310689E+00  0.605820283567620E-01
0.803997581310689E+00  -.803997581310689E+00  0.605820283567620E-01
-.307006906053772E+00  0.307006906053772E+00  0.162983384817232E+00
0.307006906053772E+00  0.307006906053772E+00  0.162983384817232E+00
0.307006906053772E+00  -.307006906053772E+00  0.162983384817232E+00
-.307006906053772E+00  -.307006906053772E+00  0.162983384817232E+00
0.000000000000000E+00  0.000000000000000E+00  0.193725409208403E+00
-.761248666439083E+00  -.983787971501550E+00  0.151198103882569E-01
-.983787971501550E+00  0.761248666439083E+00  0.151198103882569E-01
0.761248666439083E+00  0.983787971501550E+00  0.151198103882569E-01
0.983787971501550E+00  -.761248666439083E+00  0.151198103882569E-01
0.907394352198224E+00  -.546898670414310E+00  0.548264002372914E-01
-.546898670414310E+00  -.907394352198224E+00  0.548264002372914E-01
-.907394352198224E+00  0.546898670414310E+00  0.548264002372914E-01
0.546898670414310E+00  0.907394352198224E+00  0.548264002372914E-01
-.987094707044768E+00  -.302807481788861E+00  0.207809966559630E-01
-.302807481788861E+00  0.987094707044768E+00  0.207809966559630E-01
0.987094707044768E+00  0.302807481788861E+00  0.207809966559630E-01
0.302807481788861E+00  -.987094707044768E+00  0.207809966559630E-01
-.279477766715192E+00  -.762088276080198E+00  0.103176724784935E+00
-.762088276080198E+00  0.279477766715192E+00  0.103176724784935E+00
0.279477766715192E+00  0.762088276080198E+00  0.103176724784935E+00
0.762088276080198E+00  -.279477766715192E+00  0.103176724784935E+00
0.761248666439083E+00  -.983787971501550E+00  0.151198103882569E-01
0.983787971501550E+00  0.761248666439083E+00  0.151198103882569E-01
-.761248666439083E+00  0.983787971501550E+00  0.151198103882569E-01
-.983787971501550E+00  -.761248666439083E+00  0.151198103882569E-01
-.907394352198224E+00  -.546898670414310E+00  0.548264002372914E-01
0.546898670414310E+00  -.907394352198224E+00  0.548264002372914E-01
0.907394352198224E+00  0.546898670414310E+00  0.548264002372914E-01
-.546898670414310E+00  0.907394352198224E+00  0.548264002372914E-01
0.987094707044768E+00  -.302807481788861E+00  0.207809966559630E-01
0.302807481788861E+00  0.987094707044768E+00  0.207809966559630E-01
-.987094707044768E+00  0.302807481788861E+00  0.207809966559630E-01
-.302807481788861E+00  -.987094707044768E+00  0.207809966559630E-01
0.279477766715192E+00  -.762088276080198E+00  0.103176724784935E+00
0.762088276080198E+00  0.279477766715192E+00  0.103176724784935E+00
-.279477766715192E+00  0.762088276080198E+00  0.103176724784935E+00
-.762088276080198E+00  -.279477766715192E+00  0.103176724784935E+00

17          57
0.000000000000000E+00  -.545042987209148E+00  0.138804377687220E+00
-.545042987209148E+00  0.000000000000000E+00  0.138804377687220E+00
0.000000000000000E+00  0.545042987209148E+00  0.138804377687220E+00
0.545042987209148E+00  0.000000000000000E+00  0.138804377687220E+00
0.000000000000000E+00  -.917497188219153E+00  0.653478238074649E-01
-.917497188219153E+00  0.000000000000000E+00  0.653478238074649E-01
0.000000000000000E+00  0.917497188219153E+00  0.653478238074649E-01
0.917497188219153E+00  0.000000000000000E+00  0.653478238074649E-01
-.947512856485360E+00  0.947512856485360E+00  0.167716557027764E-01
0.947512856485360E+00  0.947512856485360E+00  0.167716557027764E-01
0.947512856485360E+00  -.947512856485360E+00  0.167716557027764E-01
-.947512856485360E+00  -.947512856485360E+00  0.167716557027764E-01
-.583148229229625E+00  -.583148229229625E+00  0.119271513193551E+00
-.583148229229625E+00  0.583148229229625E+00  0.119271513193551E+00
0.583148229229625E+00  0.583148229229625E+00  0.119271513193551E+00
0.583148229229625E+00  -.583148229229625E+00  0.119271513193551E+00
-.803997581310689E+00  -.803997581310689E+00  0.605820283567620E-01
-.803997581310689E+00  0.803997581310689E+00  0.605820283567620E-01
0.803997581310689E+00  0.803997581310689E+00  0.605820283567620E-01
0.803997581310689E+00  -.803997581310689E+00  0.605820283567620E-01
-.307006906053772E+00  0.307006906053772E+00  0.162983384817232E+00
0.307006906053772E+00  0.307006906053772E+00  0.162983384817232E+00
0.307006906053772E+00  -.307006906053772E+00  0.162983384817232E+00
-.307006906053772E+00  -.307006906053772E+00  0.162983384817232E+00
0.000000000000000E+00  0.000000000000000E+00  0.193725409208403E+00
-.761248666439083E+00  -.983787971501550E+00  0.151198103882569E-01
-.983787971501550E+00  0.761248666439083E+00  0.151198103882569E-01
0.761248666439083E+00  0.983787971501550E+00  0.151198103882569E-01
0.983787971501550E+00  -.761248666439083E+00  0.151198103882569E-01
0.907394352198224E+00  -.546898670414310E+00  0.548264002372914E-01
-.546898670414310E+00  -.907394352198224E+00  0.548264002372914E-01
-.907394352198224E+00  0.546898670414310E+00  0.548264002372914E-01
0.546898670414310E+00  0.907394352198224E+00  0.548264002372914E-01
-.987094707044768E+00  -.302807481788861E+00  0.207809966559630E-01
-.302807481788861E+00  0.987094707044768E+00  0.207809966559630E-01
0.987094707044768E+00  0.302807481788861E+00  0.207809966559630E-01
0.302807481788861E+00  -.987094707044768E+00  0.207809966559630E-01
-.279477766715192E+00  -.762088276080198E+00  0.103176724784935E+00
-.762088276080198E+00  0.279477766715192E+00  0.103176724784935E+00
0.279477766715192E+00  0.762088276080198E+00  0.103176724784935E+00
0.762088276080198E+00  -.279477766715192E+00  0.103176724784935E+00
0.761248666439083E+00  -.983787971501550E+00  0.151198103882569E-01
0.983787971501550E+00  0.761248666439083E+00  0.151198103882569E-01
-.761248666439083E+00  0.983787971501550E+00  0.151198103882569E-01
-.983787971501550E+00  -.761248666439083E+00  0.151198103882569E-01
-.907394352198224E+00  -.546898670414310E+00  0.548264002372914E-01
0.546898670414310E+00  -.907394352198224E+00  0.548264002372914E-01
0.907394352198224E+00  0.546898670414310E+00  0.548264002372914E-01
-.546898670414310E+00  0.907394352198224E+00  0.548264002372914E-01
0.987094707044768E+00  -.302807481788861E+00  0.207809966559630E-01
0.302807481788861E+00  0.987094707044768E+00  0.207809966559630E-01
-.987094707044768E+00  0.302807481788861E+00  0.207809966559630E-01
-.302807481788861E+00  -.987094707044768E+00  0.207809966559630E-01
0.279477766715192E+00  -.762088276080198E+00  0.103176724784935E+00
0.762088276080198E+00  0.279477766715192E+00  0.103176724784935E+00
-.279477766715192E+00  0.762088276080198E+00  0.103176724784935E+00
-.762088276080198E+00  -.279477766715192E+00  0.103176724784935E+00

18          72
-.890011632868379E+00  -.890011632868379E+00  0.287952717863297E-01
-.890011632868379E+00  0.890011632868379E+00  0.287952717863297E-01
0.890011632868379E+00  0.890011632868379E+00  0.287952717863297E-01
0.890011632868379E+00  -.890011632868379E+00  0.287952717863297E-01
0.000000000000000E+00  0.171191024607424E+00  0.695191714245368E-01
0.171191024607424E+00  0.000000000000000E+00  0.695191714245368E-01
0.000000000000000E+00  -.171191024607424E+00  0.695191714245368E-01
-.171191024607424E+00  0.000000000000000E+00  0.695191714245368E-01
0.541841835819665E+00  0.541841835819665E+00  0.106286815963665E+00
0.541841835819665E+00  -.541841835819665E+00  0.106286815963665E+00
-.541841835819665E+00  -.541841835819665E+00  0.106286815963665E+00
-.541841835819665E+00  0.541841835819665E+00  0.106286815963665E+00
-.306408639707244E+00  -.306408639707244E+00  0.128510258716262E+00
-.306408639707244E+00  0.306408639707244E+00  0.128510258716262E+00
0.306408639707244E+00  0.306408639707244E+00  0.128510258716262E+00
0.306408639707244E+00  -.306408639707244E+00  0.128510258716262E+00
0.000000000000000E+00  -.902960817980410E+00  0.668480997391882E-01
-.902960817980410E+00  0.000000000000000E+00  0.668480997391882E-01
0.000000000000000E+00  0.902960817980410E+00  0.668480997391882E-01
0.902960817980410E+00  0.000000000000000E+00  0.668480997391882E-01
-.971271050916847E+00  -.971271050916847E+00  0.651629593272677E-02
-.971271050916847E+00  0.971271050916847E+00  0.651629593272677E-02
0.971271050916847E+00  0.971271050916847E+00  0.651629593272677E-02
0.971271050916847E+00  -.971271050916847E+00  0.651629593272677E-02
-.261702504292486E+00  0.985836869290813E+00  0.205933344541812E-01
0.985836869290813E+00  0.261702504292486E+00  0.205933344541812E-01
0.261702504292486E+00  -.985836869290813E+00  0.205933344541812E-01
-.985836869290813E+00  -.261702504292486E+00  0.205933344541812E-01
0.754878330739277E+00  0.284306080973891E+00  0.993036220105147E-01
0.284306080973891E+00  -.754878330739277E+00  0.993036220105147E-01
-.754878330739277E+00  -.284306080973891E+00  0.993036220105147E-01
-.284306080973891E+00  0.754878330739277E+00  0.993036220105147E-01
0.681058878927230E+00  0.801256471095020E+00  0.449170586877296E-01
0.801256471095020E+00  -.681058878927230E+00  0.449170586877296E-01
-.681058878927230E+00  -.801256471095020E+00  0.449170586877296E-01
-.801256471095020E+00  0.681058878927230E+00  0.449170586877296E-01
-.920886268619097E+00  -.513789254546300E+00  0.471896494946284E-01
-.513789254546300E+00  0.920886268619097E+00  0.471896494946284E-01
0.920886268619097E+00  0.513789254546300E+00  0.471896494946284E-01
0.513789254546300E+00  -.920886268619097E+00  0.471896494946284E-01
-.984245373090990E+00  0.753468287412414E+00  0.155433425056674E-01
0.753468287412414E+00  0.984245373090990E+00  0.155433425056674E-01
0.984245373090990E+00  -.753468287412414E+00  0.155433425056674E-01
-.753468287412414E+00  -.984245373090990E+00  0.155433425056674E-01
-.451313092327108E-01  0.545913463393395E+00  0.692150360659242E-01
0.545913463393395E+00  0.451313092327108E-01  0.692150360659242E-01
0.451313092327108E-01  -.545913463393395E+00  0.692150360659242E-01
-.545913463393395E+00  -.451313092327108E-01  0.692150360659242E-01
0.261702504292486E+00  0.985836869290813E+00  0.205933344541812E-01
-.985836869290813E+00  0.261702504292486E+00  0.205933344541812E-01
-.261702504292486E+00  -.985836869290813E+00  0.205933344541812E-01
0.985836869290813E+00  -.261702504292486E+00  0.205933344541812E-01
-.754878330739277E+00  0.284306080973891E+00  0.993036220105147E-01
-.284306080973891E+00  -.754878330739277E+00  0.993036220105147E-01
0.754878330739277E+00  -.284306080973891E+00  0.993036220105147E-01
0.284306080973891E+00  0.754878330739277E+00  0.993036220105147E-01
-.681058878927230E+00  0.801256471095020E+00  0.449170586877296E-01
-.801256471095020E+00  -.681058878927230E+00  0.449170586877296E-01
0.681058878927230E+00  -.801256471095020E+00  0.449170586877296E-01
0.801256471095020E+00  0.681058878927230E+00  0.449170586877296E-01
0.920886268619097E+00  -.513789254546300E+00  0.471896494946284E-01
0.513789254546300E+00  0.920886268619097E+00  0.471896494946284E-01
-.920886268619097E+00  0.513789254546300E+00  0.471896494946284E-01
-.513789254546300E+00  -.920886268619097E+00  0.471896494946284E-01
0.984245373090990E+00  0.753468287412414E+00  0.155433425056674E-01
-.753468287412414E+00  0.984245373090990E+00  0.155433425056674E-01
-.984245373090990E+00  -.753468287412414E+00  0.155433425056674E-01
0.753468287412414E+00  -.984245373090990E+00  0.155433425056674E-01
0.451313092327108E-01  0.545913463393395E+00  0.692150360659242E-01
-.545913463393395E+00  0.451313092327108E-01  0.692150360659242E-01
-.451313092327108E-01  -.545913463393395E+00  0.692150360659242E-01
0.545913463393395E+00  -.451313092327108E-01  0.692150360659242E-01

19          72
-.890011632868379E+00  -.890011632868379E+00  0.287952717863297E-01
-.890011632868379E+00  0.890011632868379E+00  0.287952717863297E-01
0.890011632868379E+00  0.890011632868379E+00  0.287952717863297E-01
0.890011632868379E+00  -.890011632868379E+00  0.287952717863297E-01
0.000000000000000E+00  0.171191024607424E+00  0.695191714245368E-01
0.171191024607424E+00  0.000000000000000E+00  0.695191714245368E-01
0.000000000000000E+00  -.171191024607424E+00  0.695191714245368E-01
-.171191024607424E+00  0.000000000000000E+00  0.695191714245368E-01
0.541841835819665E+00  0.541841835819665E+00  0.106286815963665E+00
0.541841835819665E+00  -.541841835819665E+00  0.106286815963665E+00
-.541841835819665E+00  -.541841835819665E+00  0.106286815963665E+00
-.541841835819665E+00  0.541841835819665E+00  0.106286815963665E+00
-.306408639707244E+00  -.306408639707244E+00  0.128510258716262E+00
-.306408639707244E+00  0.306408639707244E+00  0.128510258716262E+00
0.306408639707244E+00  0.306408639707244E+00  0.128510258716262E+00
0.306408639707244E+00  -.306408639707244E+00  0.128510258716262E+00
0.000000000000000E+00  -.902960817980410E+00  0.668480997391882E-01
-.902960817980410E+00  0.000000000000000E+00  0.668480997391882E-01
0.000000000000000E+00  0.902960817980410E+00  0.668480997391882E-01
0.902960817980410E+00  0.000000000000000E+00  0.668480997391882E-01
-.971271050916847E+00  -.971271050916847E+00  0.651629593272677E-02
-.971271050916847E+00  0.971271050916847E+00  0.651629593272677E-02
0.971271050916847E+00  0.971271050916847E+00  0.651629593272677E-02
0.971271050916847E+00  -.971271050916847E+00  0.651629593272677E-02
-.261702504292486E+00  0.985836869290813E+00  0.205933344541812E-01
0.985836869290813E+00  0.261702504292486E+00  0.205933344541812E-01
0.261702504292486E+00  -.985836869290813E+00  0.205933344541812E-01
-.985836869290813E+00  -.261702504292486E+00  0.205933344541812E-01
0.754878330739277E+00  0.284306080973891E+00  0.993036220105147E-01
0.284306080973891E+00  -.754878330739277E+00  0.993036220105147E-01
-.754878330739277E+00  -.284306080973891E+00  0.993036220105147E-01
-.284306080973891E+00  0.754878330739277E+00  0.993036220105147E-01
0.681058878927230E+00  0.801256471095020E+00  0.449170586877296E-01
0.801256471095020E+00  -.681058878927230E+00  0.449170586877296E-01
-.681058878927230E+00  -.801256471095020E+00  0.449170586877296E-01
-.801256471095020E+00  0.681058878927230E+00  0.449170586877296E-01
-.920886268619097E+00  -.513789254546300E+00  0.471896494946284E-01
-.513789254546300E+00  0.920886268619097E+00  0.471896494946284E-01
0.920886268619097E+00  0.513789254546300E+00  0.471896494946284E-01
0.513789254546300E+00  -.920886268619097E+00  0.471896494946284E-01
-.984245373090990E+00  0.753468287412414E+00  0.155433425056674E-01
0.753468287412414E+00  0.984245373090990E+00  0.155433425056674E-01
0.984245373090990E+00  -.753468287412414E+00  0.155433425056674E-01
-.753468287412414E+00  -.984245373090990E+00  0.155433425056674E-01
-.451313092327108E-01  0.545913463393395E+00  0.692150360659242E-01
0.545913463393395E+00  0.451313092327108E-01  0.692150360659242E-01
0.451313092327108E-01  -.545913463393395E+00  0.692150360659242E-01
-.545913463393395E+00  -.451313092327108E-01  0.692150360659242E-01
0.261702504292486E+00  0.985836869290813E+00  0.205933344541812E-01
-.985836869290813E+00  0.261702504292486E+00  0.205933344541812E-01
-.261702504292486E+00  -.985836869290813E+00  0.205933344541812E-01
0.985836869290813E+00  -.261702504292486E+00  0.205933344541812E-01
-.754878330739277E+00  0.284306080973891E+00  0.993036220105147E-01
-.284306080973891E+00  -.754878330739277E+00  0.993036220105147E-01
0.754878330739277E+00  -.284306080973891E+00  0.993036220105147E-01
0.284306080973891E+00  0.754878330739277E+00  0.993036220105147E-01
-.681058878927230E+00  0.801256471095020E+00  0.449170586877296E-01
-.801256471095020E+00  -.681058878927230E+00  0.449170586877296E-01
0.681058878927230E+00  -.801256471095020E+00  0.449170586877296E-01
0.801256471095020E+00  0.681058878927230E+00  0.449170586877296E-01
0.920886268619097E+00  -.513789254546300E+00  0.471896494946284E-01
0.513789254546300E+00  0.920886268619097E+00  0.471896494946284E-01
-.920886268619097E+00  0.513789254546300E+00  0.471896494946284E-01
-.513789254546300E+00  -.920886268619097E+00  0.471896494946284E-01
0.984245373090990E+00  0.753468287412414E+00  0.155433425056674E-01
-.753468287412414E+00  0.984245373090990E+00  0.155433425056674E-01
-.984245373090990E+00  -.753468287412414E+00  0.155433425056674E-01
0.753468287412414E+00  -.984245373090990E+00  0.155433425056674E-01
0.451313092327108E-01  0.545913463393395E+00  0.692150360659242E-01
-.545913463393395E+00  0.451313092327108E-01  0.692150360659242E-01
-.451313092327108E-01  -.545913463393395E+00  0.692150360659242E-01
0.545913463393395E+00  -.451313092327108E-01  0.692150360659242E-01

20          85
0.000000000000000E+00  -.991451670733491E+00  0.129738419784223E-01
-.991451670733491E+00  0.000000000000000E+00  0.129738419784223E-01
0.000000000000000E+00  0.991451670733491E+00  0.129738419784223E-01
0.991451670733491E+00  0.000000000000000E+00  0.129738419784223E-01
-.419622960316734E+00  0.000000000000000E+00  0.656562108049123E-01
0.000000000000000E+00  0.419622960316734E+00  0.656562108049123E-01
0.419622960316734E+00  0.000000000000000E+00  0.656562108049123E-01
0.000000000000000E+00  -.419622960316734E+00  0.656562108049123E-01
0.827768682304703E+00  0.000000000000000E+00  0.658788085594511E-01
0.000000000000000E+00  -.827768682304703E+00  0.658788085594511E-01
-.827768682304703E+00  0.000000000000000E+00  0.658788085594511E-01
0.000000000000000E+00  0.827768682304703E+00  0.658788085594511E-01
-.963193744027859E+00  -.963193744027859E+00  0.878561467159915E-02
-.963193744027859E+00  0.963193744027859E+00  0.878561467159915E-02
0.963193744027859E+00  0.963193744027859E+00  0.878561467159915E-02
0.963193744027859E+00  -.963193744027859E+00  0.878561467159915E-02
0.862822657113821E+00  -.862822657113821E+00  0.310017964366124E-01
-.862822657113821E+00  -.862822657113821E+00  0.310017964366124E-01
-.862822657113821E+00  0.862822657113821E+00  0.310017964366124E-01
0.862822657113821E+00  0.862822657113821E+00  0.310017964366124E-01
-.703176869983352E+00  -.703176869983352E+00  0.632198444302974E-01
-.703176869983352E+00  0.703176869983352E+00  0.632198444302974E-01
0.703176869983352E+00  0.703176869983352E+00  0.632198444302974E-01
0.703176869983352E+00  -.703176869983352E+00  0.632198444302974E-01
-.497704250501297E+00  -.497704250501297E+00  0.954188100138463E-01
-.497704250501297E+00  0.497704250501297E+00  0.954188100138463E-01
0.497704250501297E+00  0.497704250501297E+00  0.954188100138463E-01
0.497704250501297E+00  -.497704250501297E+00  0.954188100138463E-01
0.000000000000000E+00  0.000000000000000E+00  0.134587957261263E+00
0.200276075724054E+00  -.319350954373894E+00  0.640950153308067E-01
-.319350954373894E+00  -.200276075724054E+00  0.640950153308067E-01
-.200276075724054E+00  0.319350954373894E+00  0.640950153308067E-01
0.319350954373894E+00  0.200276075724054E+00  0.640950153308067E-01
0.984966440852218E+00  0.805569362104827E+00  0.105805146000114E-01
0.805569362104827E+00  -.984966440852218E+00  0.105805146000114E-01
-.984966440852218E+00  -.805569362104827E+00  0.105805146000114E-01
-.805569362104827E+00  0.984966440852218E+00  0.105805146000114E-01
-.637016948768073E+00  0.917102248033144E+00  0.355048799989302E-01
0.917102248033144E+00  0.637016948768073E+00  0.355048799989302E-01
0.637016948768073E+00  -.917102248033144E+00  0.355048799989302E-01
-.917102248033144E+00  -.637016948768073E+00  0.355048799989302E-01
0.797778115483054E+00  -.422732629308909E+00  0.648286381635429E-01
-.422732629308909E+00  -.797778115483054E+00  0.648286381635429E-01
-.797778115483054E+00  0.422732629308909E+00  0.648286381635429E-01
0.422732629308909E+00  0.797778115483054E+00  0.648286381635429E-01
-.476541295137440E+00  -.988505494252071E+00  0.126826155231245E-01
-.988505494252071E+00  0.476541295137440E+00  0.126826155231245E-01
0.476541295137440E+00  0.988505494252071E+00  0.126826155231245E-01
0.988505494252071E+00  -.476541295137440E+00  0.126826155231245E-01
0.196111681084592E+00  0.633457037415777E+00  0.850575310140923E-01
0.633457037415777E+00  -.196111681084592E+00  0.850575310140923E-01
-.196111681084592E+00  -.633457037415777E+00  0.850575310140923E-01
-.633457037415777E+00  0.196111681084592E+00  0.850575310140923E-01
-.936756743544053E+00  -.241044546796022E+00  0.389598472642637E-01
-.241044546796022E+00  0.936756743544053E+00  0.389598472642637E-01
0.936756743544053E+00  0.241044546796022E+00  0.389598472642637E-01
0.241044546796022E+00  -.936756743544053E+00  0.389598472642637E-01
-.200276075724054E+00  -.319350954373894E+00  0.640950153308067E-01
0.319350954373894E+00  -.200276075724054E+00  0.640950153308067E-01
0.200276075724054E+00  0.319350954373894E+00  0.640950153308067E-01
-.319350954373894E+00  0.200276075724054E+00  0.640950153308067E-01
-.984966440852218E+00  0.805569362104827E+00  0.105805146000114E-01
-.805569362104827E+00  -.984966440852218E+00  0.105805146000114E-01
0.984966440852218E+00  -.805569362104827E+00  0.105805146000114E-01
0.805569362104827E+00  0.984966440852218E+00  0.105805146000114E-01
0.637016948768073E+00  0.917102248033144E+00  0.355048799989302E-01
-.917102248033144E+00  0.637016948768073E+00  0.355048799989302E-01
-.637016948768073E+00  -.917102248033144E+00  0.355048799989302E-01
0.917102248033144E+00  -.637016948768073E+00  0.355048799989302E-01
-.797778115483054E+00  -.422732629308909E+00  0.648286381635429E-01
0.422732629308909E+00  -.797778115483054E+00  0.648286381635429E-01
0.797778115483054E+00  0.422732629308909E+00  0.648286381635429E-01
-.422732629308909E+00  0.797778115483054E+00  0.648286381635429E-01
0.476541295137440E+00  -.988505494252071E+00  0.126826155231245E-01
0.988505494252071E+00  0.476541295137440E+00  0.126826155231245E-01
-.476541295137440E+00  0.988505494252071E+00  0.126826155231245E-01
-.988505494252071E+00  -.476541295137440E+00  0.126826155231245E-01
-.196111681084592E+00  0.633457037415777E+00  0.850575310140923E-01
-.633457037415777E+00  -.196111681084592E+00  0.850575310140923E-01
0.196111681084592E+00  -.633457037415777E+00  0.850575310140923E-01
0.633457037415777E+00  0.196111681084592E+00  0.850575310140923E-01
0.936756743544053E+00  -.241044546796022E+00  0.389598472642637E-01
0.241044546796022E+00  0.936756743544053E+00  0.389598472642637E-01
-.936756743544053E+00  0.241044546796022E+00  0.389598472642637E-01
-.241044546796022E+00  -.936756743544053E+00  0.389598472642637E-01

21          85
0.000000000000000E+00  -.991451670733491E+00  0.129738419784223E-01
-.991451670733491E+00  0.000000000000000E+00  0.129738419784223E-01
0.000000000000000E+00  0.991451670733491E+00  0.129738419784223E-01
0.991451670733491E+00  0.000000000000000E+00  0.129738419784223E-01
-.419622960316734E+00  0.000000000000000E+00  0.656562108049123E-01
0.000000000000000E+00  0.419622960316734E+00  0.656562108049123E-01
0.419622960316734E+00  0.000000000000000E+00  0.656562108049123E-01
0.000000000000000E+00  -.419622960316734E+00  0.656562108049123E-01
0.827768682304703E+00  0.000000000000000E+00  0.658788085594511E-01
0.000000000000000E+00  -.827768682304703E+00  0.658788085594511E-01
-.827768682304703E+00  0.000000000000000E+00  0.658788085594511E-01
0.000000000000000E+00  0.827768682304703E+00  0.658788085594511E-01
-.963193744027859E+00  -.963193744027859E+00  0.878561467159915E-02
-.963193744027859E+00  0.963193744027859E+00  0.878561467159915E-02
0.963193744027859E+00  0.963193744027859E+00  0.878561467159915E-02
0.963193744027859E+00  -.963193744027859E+00  0.878561467159915E-02
0.862822657113821E+00  -.862822657113821E+00  0.310017964366124E-01
-.862822657113821E+00  -.862822657113821E+00  0.310017964366124E-01
-.862822657113821E+00  0.862822657113821E+00  0.310017964366124E-01
0.862822657113821E+00  0.862822657113821E+00  0.310017964366124E-01
-.703176869983352E+00  -.703176869983352E+00  0.632198444302974E-01
-.703176869983352E+00  0.703176869983352E+00  0.632198444302974E-01
0.703176869983352E+00  0.703176869983352E+00  0.632198444302974E-01
0.703176869983352E+00  -.703176869983352E+00  0.632198444302974E-01
-.497704250501297E+00  -.497704250501297E+00  0.954188100138463E-01
-.497704250501297E+00  0.497704250501297E+00  0.954188100138463E-01
0.497704250501297E+00  0.497704250501297E+00  0.954188100138463E-01
0.497704250501297E+00  -.497704250501297E+00  0.954188100138463E-01
0.000000000000000E+00  0.000000000000000E+00  0.134587957261263E+00
0.200276075724054E+00  -.319350954373894E+00  0.640950153308067E-01
-.319350954373894E+00  -.200276075724054E+00  0.640950153308067E-01
-.200276075724054E+00  0.319350954373894E+00  0.640950153308067E-01
0.319350954373894E+00  0.200276075724054E+00  0.640950153308067E-01
0.984966440852218E+00  0.805569362104827E+00  0.105805146000114E-01
0.805569362104827E+00  -.984966440852218E+00  0.105805146000114E-01
-.984966440852218E+00  -.805569362104827E+00  0.105805146000114E-01
-.805569362104827E+00  0.984966440852218E+00  0.105805146000114E-01
-.637016948768073E+00  0.917102248033144E+00  0.355048799989302E-01
0.917102248033144E+00  0.637016948768073E+00  0.355048799989302E-01
0.637016948768073E+00  -.917102248033144E+00  0.355048799989302E-01
-.917102248033144E+00  -.637016948768073E+00  0.355048799989302E-01
0.797778115483054E+00  -.422732629308909E+00  0.648286381635429E-01
-.422732629308909E+00  -.797778115483054E+00  0.648286381635429E-01
-.797778115483054E+00  0.422732629308909E+00  0.648286381635429E-01
0.422732629308909E+00  0.797778115483054E+00  0.648286381635429E-01
-.476541295137440E+00  -.988505494252071E+00  0.126826155231245E-01
-.988505494252071E+00  0.476541295137440E+00  0.126826155231245E-01
0.476541295137440E+00  0.988505494252071E+00  0.126826155231245E-01
0.988505494252071E+00  -.476541295137440E+00  0.126826155231245E-01
0.196111681084592E+00  0.633457037415777E+00  0.850575310140923E-01
0.633457037415777E+00  -.196111681084592E+00  0.850575310140923E-01
-.196111681084592E+00  -.633457037415777E+00  0.850575310140923E-01
-.633457037415777E+00  0.196111681084592E+00  0.850575310140923E-01
-.936756743544053E+00  -.241044546796022E+00  0.389598472642637E-01
-.241044546796022E+00  0.936756743544053E+00  0.389598472642637E-01
0.936756743544053E+00  0.241044546796022E+00  0.389598472642637E-01
0.241044546796022E+00  -.936756743544053E+00  0.389598472642637E-01
-.200276075724054E+00  -.319350954373894E+00  0.640950153308067E-01
0.319350954373894E+00  -.200276075724054E+00  0.640950153308067E-01
0.200276075724054E+00  0.319350954373894E+00  0.640950153308067E-01
-.319350954373894E+00  0.200276075724054E+00  0.640950153308067E-01
-.984966440852218E+00  0.805569362104827E+00  0.105805146000114E-01
-.805569362104827E+00  -.984966440852218E+00  0.105805146000114E-01
0.984966440852218E+00  -.805569362104827E+00  0.105805146000114E-01
0.805569362104827E+00  0.984966440852218E+00  0.105805146000114E-01
0.637016948768073E+00  0.917102248033144E+00  0.355048799989302E-01
-.917102248033144E+00  0.637016948768073E+00  0.355048799989302E-01
-.637016948768073E+00  -.917102248033144E+00  0.355048799989302E-01
0.917102248033144E+00  -.637016948768073E+00  0.355048799989302E-01
-.797778115483054E+00  -.422732629308909E+00  0.648286381635429E-01
0.422732629308909E+00  -.797778115483054E+00  0.648286381635429E-01
0.797778115483054E+00  0.422732629308909E+00  0.648286381635429E-01
-.422732629308909E+00  0.797778115483054E+00  0.648286381635429E-01
0.476541295137440E+00  -.988505494252071E+00  0.126826155231245E-01
0.988505494252071E+00  0.476541295137440E+00  0.126826155231245E-01
-.476541295137440E+00  0.988505494252071E+00  0.126826155231245E-01
-.988505494252071E+00  -.476541295137440E+00  0.126826155231245E-01
-.196111681084592E+00  0.633457037415777E+00  0.850575310140923E-01
-.633457037415777E+00  -.196111681084592E+00  0.850575310140923E-01
0.196111681084592E+00  -.633457037415777E+00  0.850575310140923E-01
0.633457037415777E+00  0.196111681084592E+00  0.850575310140923E-01
0.936756743544053E+00  -.241044546796022E+00  0.389598472642637E-01
0.241044546796022E+00  0.936756743544053E+00  0.389598472642637E-01
-.936756743544053E+00  0.241044546796022E+00  0.389598472642637E-01
-.241044546796022E+00  -.936756743544053E+00  0.389598472642637E-01

