1           4
-.447213595499958E+00  -.258198889747161E+00  -.182574185835055E+00  0.235702276229858E+00
0.000000000000000E+00  0.000000000000000E+00  0.547722557505166E+00  0.235702276229858E+00
0.481482486096809E-34  0.516397779494322E+00  -.182574185835055E+00  0.235702276229858E+00
0.447213595499958E+00  -.258198889747161E+00  -.182574185835055E+00  0.235702276229858E+00

2          10
-.691436321161245E+00  -.399200946149929E+00  -.282277696078701E+00  0.475352683166215E-01
-.192592994438724E-33  -.481482486096809E-34  0.846833088236102E+00  0.475352683166215E-01
-.962964972193618E-34  0.798401892299858E+00  -.282277696078701E+00  0.475352683166215E-01
0.691436321161245E+00  -.399200946149929E+00  -.282277696078701E+00  0.475352683166215E-01
-.311949041748489E+00  -.180103863226936E+00  0.254705326011322E+00  0.125444671942158E+00
-.311949041748489E+00  0.180103863226936E+00  -.254705326011322E+00  0.125444671942158E+00
0.240741243048404E-34  -.360207726453872E+00  -.254705326011322E+00  0.125444671942158E+00
0.000000000000000E+00  0.360207726453872E+00  0.254705326011322E+00  0.125444671942158E+00
0.311949041748489E+00  -.180103863226936E+00  0.254705326011322E+00  0.125444671942158E+00
0.311949041748489E+00  0.180103863226936E+00  -.254705326011322E+00  0.125444671942158E+00

3          20
-.720228831686929E+00  -.415824309852578E+00  -.294032189278974E+00  0.257906288203929E-01
0.000000000000000E+00  0.000000000000000E+00  0.882096567836922E+00  0.257906288203929E-01
0.481482486096809E-34  0.831648619705156E+00  -.294032189278974E+00  0.257906288203929E-01
0.720228831686929E+00  -.415824309852578E+00  -.294032189278974E+00  0.257906288203929E-01
-.522202293685098E+00  -.301493634830531E+00  0.699973108235728E-01  0.384933897256930E-01
-.231219996189949E+00  -.133494927042291E+00  0.545169412854141E+00  0.384933897256930E-01
-.522202293685098E+00  -.345037807459494E-01  -.307583361838857E+00  0.384933897256930E-01
-.231219996189949E+00  0.469492342618772E+00  -.307583361838857E+00  0.384933897256930E-01
0.000000000000000E+00  0.266989854084582E+00  0.545169412854141E+00  0.384933897256930E-01
-.481482486096809E-34  0.602987269661063E+00  0.699973108235728E-01  0.384933897256930E-01
-.290982297495150E+00  -.434988561872823E+00  -.307583361838857E+00  0.384933897256930E-01
0.290982297495150E+00  -.434988561872823E+00  -.307583361838857E+00  0.384933897256930E-01
0.522202293685098E+00  -.301493634830531E+00  0.699973108235728E-01  0.384933897256930E-01
0.231219996189949E+00  -.133494927042291E+00  0.545169412854141E+00  0.384933897256930E-01
0.231219996189949E+00  0.469492342618772E+00  -.307583361838857E+00  0.384933897256930E-01
0.522202293685098E+00  -.345037807459494E-01  -.307583361838857E+00  0.384933897256930E-01
-.238977020692757E+00  0.137973447227098E+00  0.975619601579653E-01  0.944314782323865E-01
0.000000000000000E+00  -.275946894454196E+00  0.975619601579653E-01  0.944314782323865E-01
0.240741243048404E-34  0.120370621524202E-34  -.292685880473896E+00  0.944314782323865E-01
0.238977020692757E+00  0.137973447227098E+00  0.975619601579653E-01  0.944314782323865E-01

4          35
-.820724949639220E+00  -.473845770604846E+00  -.335059557631252E+00  0.788860965232258E-02
-.192592994438724E-33  0.481482486096809E-34  0.100517867289376E+01  0.788860965232258E-02
-.144444745829043E-33  0.947691541209692E+00  -.335059557631252E+00  0.788860965232258E-02
0.820724949639220E+00  -.473845770604846E+00  -.335059557631252E+00  0.788860965232258E-02
-.656641408305826E+00  -.379112093846424E+00  -.646467045378433E-01  0.152019072520742E-01
-.166096656211881E+00  -.958959491754264E-01  0.736409521215646E+00  0.152019072520742E-01
-.656641408305826E+00  -.187320195495571E+00  -.335881408338901E+00  0.152019072520742E-01
-.166096656211881E+00  0.662328238517421E+00  -.335881408338901E+00  0.152019072520742E-01
-.192592994438724E-33  0.191791898350853E+00  0.736409521215646E+00  0.152019072520742E-01
-.192592994438724E-33  0.758224187692847E+00  -.646467045378433E-01  0.152019072520742E-01
-.490544752093945E+00  -.475008043021850E+00  -.335881408338901E+00  0.152019072520742E-01
0.490544752093945E+00  -.475008043021850E+00  -.335881408338901E+00  0.152019072520742E-01
0.656641408305826E+00  -.379112093846424E+00  -.646467045378433E-01  0.152019072520742E-01
0.166096656211881E+00  -.958959491754264E-01  0.736409521215646E+00  0.152019072520742E-01
0.166096656211881E+00  0.662328238517421E+00  -.335881408338901E+00  0.152019072520742E-01
0.656641408305826E+00  -.187320195495571E+00  -.335881408338901E+00  0.152019072520742E-01
-.443492405094282E+00  -.526352739170378E-01  -.372187591163489E-01  0.431917444083576E-01
0.443492405094282E+00  -.526352739170378E-01  -.372187591163489E-01  0.431917444083576E-01
-.267329686894448E+00  -.357758052238589E+00  -.372187591163489E-01  0.431917444083576E-01
0.176162718199834E+00  0.410393326155626E+00  -.372187591163489E-01  0.431917444083576E-01
-.267329686894448E+00  -.154342866690888E+00  -.324891273310546E+00  0.431917444083576E-01
0.176162718199834E+00  0.101707592773850E+00  0.399328791543244E+00  0.431917444083576E-01
-.176162718199834E+00  0.101707592773850E+00  0.399328791543244E+00  0.431917444083576E-01
-.176162718199834E+00  0.410393326155626E+00  -.372187591163489E-01  0.431917444083576E-01
0.481482486096809E-34  -.203415185547700E+00  0.399328791543244E+00  0.431917444083576E-01
0.267329686894448E+00  -.357758052238589E+00  -.372187591163489E-01  0.431917444083576E-01
0.300926553810506E-34  0.308685733381776E+00  -.324891273310546E+00  0.431917444083576E-01
0.267329686894448E+00  -.154342866690888E+00  -.324891273310546E+00  0.431917444083576E-01
0.000000000000000E+00  0.000000000000000E+00  0.000000000000000E+00  0.861032671744489E-01
-.407018818396082E+00  -.234992424366221E+00  0.332329473593644E+00  0.207379298684189E-01
-.407018818396082E+00  0.234992424366221E+00  -.332329473593644E+00  0.207379298684189E-01
-.962964972193618E-34  -.469984848732443E+00  -.332329473593644E+00  0.207379298684189E-01
0.962964972193618E-34  0.469984848732443E+00  0.332329473593644E+00  0.207379298684189E-01
0.407018818396082E+00  -.234992424366221E+00  0.332329473593644E+00  0.207379298684189E-01
0.407018818396082E+00  0.234992424366221E+00  -.332329473593644E+00  0.207379298684189E-01

5          56
-.811288865626856E+00  -.468397844960212E+00  -.331207292464531E+00  0.696574604081774E-02
-.962964972193618E-34  -.481482486096809E-34  0.993621877393592E+00  0.696574604081774E-02
-.962964972193618E-34  0.936795689920423E+00  -.331207292464531E+00  0.696574604081774E-02
0.811288865626856E+00  -.468397844960212E+00  -.331207292464531E+00  0.696574604081774E-02
-.733944615502497E+00  -.423743121330643E+00  -.140505569181582E+00  0.593493002944086E-02
-.129925888329433E+00  -.750127466016996E-01  0.845852881924665E+00  0.593493002944086E-02
-.733944615502497E+00  -.273717628127244E+00  -.352673656371542E+00  0.593493002944086E-02
-.129925888329433E+00  0.772473496059586E+00  -.352673656371542E+00  0.593493002944086E-02
0.000000000000000E+00  0.150025493203399E+00  0.845852881924665E+00  0.593493002944086E-02
-.481482486096809E-34  0.847486242661286E+00  -.140505569181582E+00  0.593493002944086E-02
-.604018727173063E+00  -.498755867932343E+00  -.352673656371542E+00  0.593493002944086E-02
0.604018727173063E+00  -.498755867932343E+00  -.352673656371542E+00  0.593493002944086E-02
0.733944615502497E+00  -.423743121330643E+00  -.140505569181582E+00  0.593493002944086E-02
0.129925888329433E+00  -.750127466016996E-01  0.845852881924665E+00  0.593493002944086E-02
0.129925888329433E+00  0.772473496059586E+00  -.352673656371542E+00  0.593493002944086E-02
0.733944615502497E+00  -.273717628127244E+00  -.352673656371542E+00  0.593493002944086E-02
-.550837830726649E+00  -.150773377260691E+00  -.106612877483432E+00  0.203966069296607E-01
0.550837830726649E+00  -.150773377260691E+00  -.106612877483432E+00  0.203966069296607E-01
-.405992490285458E+00  -.401652866144445E+00  -.106612877483432E+00  0.203966069296607E-01
0.144845340441191E+00  0.552426243405136E+00  -.106612877483432E+00  0.203966069296607E-01
-.405992490285458E+00  -.234399873555276E+00  -.343144327950522E+00  0.203966069296607E-01
0.144845340441191E+00  0.836264962945846E-01  0.556370082917386E+00  0.203966069296607E-01
-.144845340441191E+00  0.836264962945846E-01  0.556370082917386E+00  0.203966069296607E-01
-.144845340441191E+00  0.552426243405136E+00  -.106612877483432E+00  0.203966069296607E-01
-.962964972193618E-34  -.167252992589169E+00  0.556370082917386E+00  0.203966069296607E-01
0.405992490285458E+00  -.401652866144445E+00  -.106612877483432E+00  0.203966069296607E-01
-.962964972193618E-34  0.468799747110551E+00  -.343144327950522E+00  0.203966069296607E-01
0.405992490285458E+00  -.234399873555276E+00  -.343144327950522E+00  0.203966069296607E-01
-.218503380780250E+00  -.126152985712320E+00  -.892036316641114E-01  0.460655771272449E-01
-.481482486096809E-34  -.240741243048404E-34  0.267610894992334E+00  0.460655771272449E-01
-.240741243048404E-34  0.252305971424641E+00  -.892036316641114E-01  0.460655771272449E-01
0.218503380780250E+00  -.126152985712320E+00  -.892036316641114E-01  0.460655771272449E-01
-.538278213999780E+00  -.310775071751684E+00  0.148505421095631E+00  0.128966902658001E-01
-.300680239907075E+00  -.173597817450351E+00  0.536501288059727E+00  0.128966902658001E-01
-.538278213999780E+00  0.364205631490178E-01  -.342503354577679E+00  0.128966902658001E-01
-.300680239907075E+00  0.447952326053017E+00  -.342503354577679E+00  0.128966902658001E-01
0.000000000000000E+00  0.347195634900702E+00  0.536501288059727E+00  0.128966902658001E-01
0.000000000000000E+00  0.621550143503368E+00  0.148505421095631E+00  0.128966902658001E-01
-.237597974092705E+00  -.484372889202035E+00  -.342503354577679E+00  0.128966902658001E-01
0.237597974092705E+00  -.484372889202035E+00  -.342503354577679E+00  0.128966902658001E-01
0.538278213999780E+00  -.310775071751684E+00  0.148505421095631E+00  0.128966902658001E-01
0.300680239907075E+00  -.173597817450351E+00  0.536501288059727E+00  0.128966902658001E-01
0.300680239907075E+00  0.447952326053017E+00  -.342503354577679E+00  0.128966902658001E-01
0.538278213999780E+00  0.364205631490178E-01  -.342503354577679E+00  0.128966902658001E-01
-.344824694244087E+00  -.271363960380460E-01  0.220755302730042E+00  0.216620904623636E-01
-.344824694244087E+00  0.199084630045054E+00  -.991695404506357E-01  0.216620904623636E-01
-.195913155458147E+00  -.285058747048558E+00  0.220755302730042E+00  0.216620904623636E-01
-.195913155458147E+00  0.113110513041550E+00  -.342341065009449E+00  0.216620904623636E-01
-.240741243048404E-34  -.398169260090109E+00  -.991695404506357E-01  0.216620904623636E-01
-.361111864572607E-34  -.226221026083100E+00  -.342341065009449E+00  0.216620904623636E-01
-.148911538785940E+00  0.312195143086604E+00  0.220755302730042E+00  0.216620904623636E-01
0.148911538785940E+00  0.312195143086604E+00  0.220755302730042E+00  0.216620904623636E-01
0.195913155458147E+00  -.285058747048558E+00  0.220755302730042E+00  0.216620904623636E-01
0.344824694244087E+00  -.271363960380460E-01  0.220755302730042E+00  0.216620904623636E-01
0.195913155458147E+00  0.113110513041550E+00  -.342341065009449E+00  0.216620904623636E-01
0.344824694244087E+00  0.199084630045054E+00  -.991695404506357E-01  0.216620904623636E-01

6          84
-.857734740763410E+00  -.495213383473049E+00  -.350168741588127E+00  0.349728965929843E-02
-.192592994438724E-33  0.000000000000000E+00  0.105050622476438E+01  0.349728965929843E-02
-.144444745829043E-33  0.990426766946098E+00  -.350168741588127E+00  0.349728965929843E-02
0.857734740763410E+00  -.495213383473049E+00  -.350168741588127E+00  0.349728965929843E-02
-.779467035807016E+00  -.450025502947621E+00  -.182663701720267E+00  0.303004440636709E-02
-.110678057354805E+00  -.639000062071816E-01  0.909464126816487E+00  0.303004440636709E-02
-.779467035807016E+00  -.322225490533257E+00  -.363400212548110E+00  0.303004440636709E-02
-.110678057354805E+00  0.836150999688060E+00  -.363400212548110E+00  0.303004440636709E-02
0.000000000000000E+00  0.127800012414363E+00  0.909464126816487E+00  0.303004440636709E-02
0.000000000000000E+00  0.900051005895241E+00  -.182663701720267E+00  0.303004440636709E-02
-.668788978452211E+00  -.513925509154802E+00  -.363400212548110E+00  0.303004440636709E-02
0.668788978452211E+00  -.513925509154802E+00  -.363400212548110E+00  0.303004440636709E-02
0.779467035807016E+00  -.450025502947621E+00  -.182663701720267E+00  0.303004440636709E-02
0.110678057354805E+00  -.639000062071816E-01  0.909464126816487E+00  0.303004440636709E-02
0.110678057354805E+00  0.836150999688060E+00  -.363400212548110E+00  0.303004440636709E-02
0.779467035807016E+00  -.322225490533257E+00  -.363400212548110E+00  0.303004440636709E-02
-.646454492627216E+00  -.239233406289408E+00  -.169163563873597E+00  0.102788079521937E-01
0.646454492627216E+00  -.239233406289408E+00  -.169163563873597E+00  0.102788079521937E-01
-.530409453594119E+00  -.440229309861045E+00  -.169163563873597E+00  0.102788079521937E-01
0.116045039033097E+00  0.679462716150453E+00  -.169163563873597E+00  0.102788079521937E-01
-.530409453594119E+00  -.306232040813287E+00  -.358664319081893E+00  0.102788079521937E-01
0.116045039033097E+00  0.669986345238790E-01  0.696991446829086E+00  0.102788079521937E-01
-.116045039033097E+00  0.669986345238790E-01  0.696991446829086E+00  0.102788079521937E-01
-.116045039033097E+00  0.679462716150453E+00  -.169163563873597E+00  0.102788079521937E-01
0.000000000000000E+00  -.133997269047758E+00  0.696991446829086E+00  0.102788079521937E-01
0.530409453594119E+00  -.440229309861045E+00  -.169163563873597E+00  0.102788079521937E-01
-.481482486096809E-34  0.612464081626574E+00  -.358664319081893E+00  0.102788079521937E-01
0.530409453594119E+00  -.306232040813287E+00  -.358664319081893E+00  0.102788079521937E-01
-.395196847131153E+00  -.228167006074063E+00  -.161338437238002E+00  0.240588937927551E-01
-.962964972193618E-34  0.000000000000000E+00  0.484015311714006E+00  0.240588937927551E-01
-.240741243048404E-34  0.456334012148125E+00  -.161338437238002E+00  0.240588937927551E-01
0.395196847131153E+00  -.228167006074063E+00  -.161338437238002E+00  0.240588937927551E-01
-.648233173500560E+00  -.374257597218194E+00  0.212560966552709E-01  0.526017237541763E-02
-.233433254743085E+00  -.134772752463730E+00  0.698621527524425E+00  0.526017237541763E-02
-.648233173500560E+00  -.104712092290733E+00  -.359938812089848E+00  0.526017237541763E-02
-.233433254743085E+00  0.613742441972657E+00  -.359938812089848E+00  0.526017237541763E-02
-.962964972193618E-34  0.269545504927461E+00  0.698621527524425E+00  0.526017237541763E-02
-.144444745829043E-33  0.748515194436387E+00  0.212560966552709E-01  0.526017237541763E-02
-.414799918757475E+00  -.509030349681924E+00  -.359938812089848E+00  0.526017237541763E-02
0.414799918757475E+00  -.509030349681924E+00  -.359938812089848E+00  0.526017237541763E-02
0.648233173500560E+00  -.374257597218194E+00  0.212560966552709E-01  0.526017237541763E-02
0.233433254743085E+00  -.134772752463730E+00  0.698621527524425E+00  0.526017237541763E-02
0.233433254743085E+00  0.613742441972657E+00  -.359938812089848E+00  0.526017237541763E-02
0.648233173500560E+00  -.104712092290733E+00  -.359938812089848E+00  0.526017237541763E-02
-.476475191461819E+00  -.145386882298694E+00  0.113170071817090E+00  0.124634782686881E-01
-.187804196844806E+00  -.441757356502029E+00  -.174795424431000E+00  0.124634782686881E-01
-.364146329178597E+00  -.661762603090322E-02  -.358227688418504E+00  0.124634782686881E-01
-.288670994617013E+00  -.369580786954041E-01  0.419853041032413E+00  0.124634782686881E-01
0.187804196844806E+00  -.441757356502029E+00  -.174795424431000E+00  0.124634782686881E-01
-.176342132333791E+00  0.318668784778967E+00  -.358227688418504E+00  0.124634782686881E-01
-.112328862283222E+00  0.485333061228337E+00  0.113170071817090E+00  0.124634782686881E-01
0.176342132333791E+00  -.231517375326352E+00  0.419853041032413E+00  0.124634782686881E-01
0.364146329178597E+00  -.661762603090322E-02  -.358227688418504E+00  0.124634782686881E-01
0.476475191461819E+00  -.145386882298694E+00  0.113170071817090E+00  0.124634782686881E-01
0.288670994617013E+00  0.383521883655950E+00  -.174795424431000E+00  0.124634782686881E-01
0.112328862283222E+00  0.268475454021756E+00  0.419853041032413E+00  0.124634782686881E-01
-.364146329178597E+00  -.339946178929642E+00  0.113170071817090E+00  0.124634782686881E-01
-.187804196844806E+00  -.312051158748064E+00  -.358227688418504E+00  0.124634782686881E-01
-.476475191461819E+00  0.582354728460795E-01  -.174795424431000E+00  0.124634782686881E-01
-.176342132333791E+00  -.231517375326352E+00  0.419853041032413E+00  0.124634782686881E-01
0.187804196844806E+00  -.312051158748064E+00  -.358227688418504E+00  0.124634782686881E-01
-.288670994617013E+00  0.383521883655950E+00  -.174795424431000E+00  0.124634782686881E-01
0.364146329178597E+00  -.339946178929642E+00  0.113170071817090E+00  0.124634782686881E-01
0.176342132333791E+00  0.318668784778967E+00  -.358227688418504E+00  0.124634782686881E-01
-.112328862283222E+00  0.268475454021756E+00  0.419853041032413E+00  0.124634782686881E-01
0.112328862283222E+00  0.485333061228337E+00  0.113170071817090E+00  0.124634782686881E-01
0.288670994617013E+00  -.369580786954041E-01  0.419853041032413E+00  0.124634782686881E-01
0.476475191461819E+00  0.582354728460795E-01  -.174795424431000E+00  0.124634782686881E-01
-.187595347968265E+00  -.108308224648200E+00  0.153170960214036E+00  0.333378278381850E-01
-.187595347968265E+00  0.108308224648200E+00  -.153170960214036E+00  0.333378278381850E-01
0.000000000000000E+00  -.216616449296399E+00  -.153170960214036E+00  0.333378278381850E-01
0.000000000000000E+00  0.216616449296399E+00  0.153170960214036E+00  0.333378278381850E-01
0.187595347968265E+00  -.108308224648200E+00  0.153170960214036E+00  0.333378278381850E-01
0.187595347968265E+00  0.108308224648200E+00  -.153170960214036E+00  0.333378278381850E-01
-.290447145471360E+00  0.167689737623248E+00  0.118574550608792E+00  0.178395712450304E-01
0.000000000000000E+00  -.335379475246497E+00  0.118574550608792E+00  0.178395712450304E-01
-.481482486096809E-34  -.541667796858910E-34  -.355723651826375E+00  0.178395712450304E-01
0.290447145471360E+00  0.167689737623248E+00  0.118574550608792E+00  0.178395712450304E-01
-.444220697503864E+00  -.256470939283459E+00  0.362704680689234E+00  0.654122397428861E-02
-.444220697503864E+00  0.256470939283459E+00  -.362704680689234E+00  0.654122397428861E-02
-.722223729145213E-34  -.512941878566918E+00  -.362704680689234E+00  0.654122397428861E-02
0.000000000000000E+00  0.512941878566918E+00  0.362704680689234E+00  0.654122397428861E-02
0.444220697503864E+00  -.256470939283459E+00  0.362704680689234E+00  0.654122397428861E-02
0.444220697503864E+00  0.256470939283459E+00  -.362704680689234E+00  0.654122397428861E-02

7         120
-.922355100427923E+00  -.532521965520486E+00  -.376549892950324E+00  0.892851911369755E-03
-.192592994438724E-33  0.000000000000000E+00  0.112964967885097E+01  0.892851911369755E-03
-.192592994438724E-33  0.106504393104097E+01  -.376549892950324E+00  0.892851911369755E-03
0.922355100427923E+00  -.532521965520486E+00  -.376549892950324E+00  0.892851911369755E-03
-.808203809366925E+00  -.466616686898075E+00  -.224782495228186E+00  0.272846197428334E-02
-.858671309827587E-01  -.495754111874366E-01  0.954788361130540E+00  0.272846197428334E-02
-.808203809366925E+00  -.367465864523202E+00  -.365002932951177E+00  0.272846197428334E-02
-.858671309827587E-01  0.883657962608714E+00  -.365002932951177E+00  0.272846197428334E-02
-.962964972193618E-34  0.991508223748732E-01  0.954788361130540E+00  0.272846197428334E-02
-.144444745829043E-33  0.933233373796151E+00  -.224782495228186E+00  0.272846197428334E-02
-.722336678384167E+00  -.516192098085512E+00  -.365002932951177E+00  0.272846197428334E-02
0.722336678384167E+00  -.516192098085512E+00  -.365002932951177E+00  0.272846197428334E-02
0.808203809366925E+00  -.466616686898075E+00  -.224782495228186E+00  0.272846197428334E-02
0.858671309827587E-01  -.495754111874366E-01  0.954788361130540E+00  0.272846197428334E-02
0.858671309827587E-01  0.883657962608714E+00  -.365002932951177E+00  0.272846197428334E-02
0.808203809366925E+00  -.367465864523202E+00  -.365002932951177E+00  0.272846197428334E-02
-.714629427681361E+00  -.299069333600449E+00  -.211473953833819E+00  0.477245048256835E-02
0.714629427681361E+00  -.299069333600449E+00  -.211473953833819E+00  0.477245048256835E-02
-.616316354231552E+00  -.469352571863768E+00  -.211473953833819E+00  0.477245048256835E-02
0.983130734498085E-01  0.768421905464217E+00  -.211473953833819E+00  0.477245048256835E-02
-.616316354231552E+00  -.355830413021555E+00  -.372018530498349E+00  0.477245048256835E-02
0.983130734498085E-01  0.567610794211064E-01  0.794966438165988E+00  0.477245048256835E-02
-.983130734498085E-01  0.567610794211064E-01  0.794966438165988E+00  0.477245048256835E-02
-.983130734498085E-01  0.768421905464217E+00  -.211473953833819E+00  0.477245048256835E-02
0.000000000000000E+00  -.113522158842213E+00  0.794966438165988E+00  0.477245048256835E-02
0.616316354231552E+00  -.469352571863768E+00  -.211473953833819E+00  0.477245048256835E-02
-.300926553810506E-35  0.711660826043111E+00  -.372018530498349E+00  0.477245048256835E-02
0.616316354231552E+00  -.355830413021555E+00  -.372018530498349E+00  0.477245048256835E-02
-.497664710898242E+00  -.287326854803277E+00  -.203170767448400E+00  0.153449571246471E-01
-.962964972193618E-34  -.481482486096809E-34  0.609512302345199E+00  0.153449571246471E-01
-.962964972193618E-34  0.574653709606554E+00  -.203170767448400E+00  0.153449571246471E-01
0.497664710898242E+00  -.287326854803277E+00  -.203170767448400E+00  0.153449571246471E-01
-.702359176606675E+00  -.405507259681668E+00  -.546394642755838E-01  0.269857434475544E-02
-.189506789770822E+00  -.109411796087446E+00  0.782844976468612E+00  0.269857434475544E-02
-.702359176606675E+00  -.186683667506777E+00  -.364102756096514E+00  0.269857434475544E-02
-.189506789770822E+00  0.701602723275890E+00  -.364102756096514E+00  0.269857434475544E-02
0.000000000000000E+00  0.218823592174891E+00  0.782844976468612E+00  0.269857434475544E-02
0.000000000000000E+00  0.811014519363336E+00  -.546394642755838E-01  0.269857434475544E-02
-.512852386835854E+00  -.514919055769113E+00  -.364102756096514E+00  0.269857434475544E-02
0.512852386835854E+00  -.514919055769113E+00  -.364102756096514E+00  0.269857434475544E-02
0.702359176606675E+00  -.405507259681668E+00  -.546394642755838E-01  0.269857434475544E-02
0.189506789770822E+00  -.109411796087446E+00  0.782844976468612E+00  0.269857434475544E-02
0.189506789770822E+00  0.701602723275890E+00  -.364102756096514E+00  0.269857434475544E-02
0.702359176606675E+00  -.186683667506777E+00  -.364102756096514E+00  0.269857434475544E-02
-.553786314561921E+00  -.204764730872503E+00  0.253826430226327E-01  0.828553158445114E-02
-.315278802282963E+00  -.457431054203861E+00  -.201514920671258E+00  0.828553158445114E-02
-.454224616015632E+00  -.101805898406523E+00  -.364098493580062E+00  0.828553158445114E-02
-.238507512278959E+00  -.227384295046521E-01  0.540230771228688E+00  0.828553158445114E-02
0.315278802282963E+00  -.457431054203861E+00  -.201514920671258E+00  0.828553158445114E-02
-.138945813732670E+00  0.444273005697031E+00  -.364098493580062E+00  0.828553158445114E-02
-.995616985462889E-01  0.581975382115036E+00  0.253826430226327E-01  0.828553158445114E-02
0.138945813732670E+00  -.195184349874681E+00  0.540230771228688E+00  0.828553158445114E-02
0.454224616015632E+00  -.101805898406523E+00  -.364098493580062E+00  0.828553158445114E-02
0.553786314561921E+00  -.204764730872503E+00  0.253826430226327E-01  0.828553158445114E-02
0.238507512278959E+00  0.501754979153707E+00  -.201514920671258E+00  0.828553158445114E-02
0.995616985462889E-01  0.217922779379333E+00  0.540230771228688E+00  0.828553158445114E-02
-.454224616015632E+00  -.377210651242532E+00  0.253826430226327E-01  0.828553158445114E-02
-.315278802282963E+00  -.342467107290508E+00  -.364098493580062E+00  0.828553158445114E-02
-.553786314561921E+00  -.443239249498465E-01  -.201514920671258E+00  0.828553158445114E-02
-.138945813732670E+00  -.195184349874681E+00  0.540230771228688E+00  0.828553158445114E-02
0.315278802282963E+00  -.342467107290508E+00  -.364098493580062E+00  0.828553158445114E-02
-.238507512278959E+00  0.501754979153707E+00  -.201514920671258E+00  0.828553158445114E-02
0.454224616015632E+00  -.377210651242532E+00  0.253826430226327E-01  0.828553158445114E-02
0.138945813732670E+00  0.444273005697031E+00  -.364098493580062E+00  0.828553158445114E-02
-.995616985462889E-01  0.217922779379333E+00  0.540230771228688E+00  0.828553158445114E-02
0.995616985462889E-01  0.581975382115036E+00  0.253826430226327E-01  0.828553158445114E-02
0.238507512278959E+00  -.227384295046521E-01  0.540230771228688E+00  0.828553158445114E-02
0.553786314561921E+00  -.443239249498465E-01  -.201514920671258E+00  0.828553158445114E-02
-.319370555234203E+00  -.184388676035707E+00  0.580113519944920E-01  0.180028695738278E-01
-.153822922303232E+00  -.888097055993058E-01  0.328349504532124E+00  0.180028695738278E-01
-.319370555234203E+00  -.676926483709574E-02  -.193180428263308E+00  0.180028695738278E-01
-.153822922303232E+00  0.279967646472109E+00  -.193180428263308E+00  0.180028695738278E-01
0.000000000000000E+00  0.177619411198612E+00  0.328349504532124E+00  0.180028695738278E-01
0.000000000000000E+00  0.368777352071415E+00  0.580113519944920E-01  0.180028695738278E-01
-.165547632930971E+00  -.273198381635013E+00  -.193180428263308E+00  0.180028695738278E-01
0.165547632930971E+00  -.273198381635013E+00  -.193180428263308E+00  0.180028695738278E-01
0.319370555234203E+00  -.184388676035707E+00  0.580113519944920E-01  0.180028695738278E-01
0.153822922303232E+00  -.888097055993058E-01  0.328349504532124E+00  0.180028695738278E-01
0.153822922303232E+00  0.279967646472109E+00  -.193180428263308E+00  0.180028695738278E-01
0.319370555234203E+00  -.676926483709574E-02  -.193180428263308E+00  0.180028695738278E-01
-.398310731659802E+00  0.563456730313943E-01  0.398424074910189E-01  0.938215488302850E-02
0.398310731659802E+00  0.563456730313943E-01  0.398424074910189E-01  0.938215488302850E-02
-.150358581591382E+00  -.373120048733053E+00  0.398424074910189E-01  0.938215488302850E-02
0.247952150068420E+00  0.316774375701658E+00  0.398424074910189E-01  0.938215488302850E-02
-.150358581591382E+00  -.868095675567547E-01  -.365061758038068E+00  0.938215488302850E-02
0.247952150068420E+00  0.143155240588149E+00  0.285376943056031E+00  0.938215488302850E-02
-.247952150068420E+00  0.143155240588149E+00  0.285376943056031E+00  0.938215488302850E-02
-.247952150068420E+00  0.316774375701658E+00  0.398424074910189E-01  0.938215488302850E-02
0.000000000000000E+00  -.286310481176298E+00  0.285376943056031E+00  0.938215488302850E-02
0.150358581591382E+00  -.373120048733053E+00  0.398424074910189E-01  0.938215488302850E-02
0.300926553810506E-35  0.173619135113509E+00  -.365061758038068E+00  0.938215488302850E-02
0.150358581591382E+00  -.868095675567547E-01  -.365061758038068E+00  0.938215488302850E-02
-.156844257317083E+00  0.905540741828648E-01  0.640313999187734E-01  0.226537866358466E-01
0.000000000000000E+00  -.181108148365730E+00  0.640313999187734E-01  0.226537866358466E-01
-.240741243048404E-34  0.601853107621011E-34  -.192094199756320E+00  0.226537866358466E-01
0.156844257317083E+00  0.905540741828648E-01  0.640313999187734E-01  0.226537866358466E-01
-.563199242402312E+00  -.325163234208368E+00  0.195633834129090E+00  0.381927624359332E-02
-.347467437480954E+00  -.200610418564258E+00  0.547922396360401E+00  0.381927624359332E-02
-.563199242402312E+00  0.760576029201489E-01  -.371778115244745E+00  0.381927624359332E-02
-.347467437480954E+00  0.449716049852478E+00  -.371778115244745E+00  0.381927624359332E-02
-.962964972193618E-34  0.401220837128517E+00  0.547922396360401E+00  0.381927624359332E-02
-.962964972193618E-34  0.650326468416736E+00  0.195633834129090E+00  0.381927624359332E-02
-.215731804921358E+00  -.525773652772627E+00  -.371778115244745E+00  0.381927624359332E-02
0.215731804921358E+00  -.525773652772627E+00  -.371778115244745E+00  0.381927624359332E-02
0.563199242402312E+00  -.325163234208368E+00  0.195633834129090E+00  0.381927624359332E-02
0.347467437480954E+00  -.200610418564258E+00  0.547922396360401E+00  0.381927624359332E-02
0.347467437480954E+00  0.449716049852478E+00  -.371778115244745E+00  0.381927624359332E-02
0.563199242402312E+00  0.760576029201489E-01  -.371778115244745E+00  0.381927624359332E-02
-.404886145356048E+00  -.132043032936778E+00  0.294625377010182E+00  0.762870951503933E-02
-.404886145356048E+00  0.233761125012465E+00  -.222699824334106E+00  0.762870951503933E-02
-.316795693594019E+00  -.284620171050308E+00  0.294625377010182E+00  0.762870951503933E-02
-.316795693594019E+00  0.182902078974621E+00  -.366550929686258E+00  0.762870951503933E-02
0.361111864572607E-34  -.467522250024929E+00  -.222699824334106E+00  0.762870951503933E-02
0.361111864572607E-34  -.365804157949242E+00  -.366550929686258E+00  0.762870951503933E-02
-.880904517620292E-01  0.416663203987086E+00  0.294625377010182E+00  0.762870951503933E-02
0.880904517620292E-01  0.416663203987086E+00  0.294625377010182E+00  0.762870951503933E-02
0.316795693594019E+00  -.284620171050308E+00  0.294625377010182E+00  0.762870951503933E-02
0.404886145356048E+00  -.132043032936778E+00  0.294625377010182E+00  0.762870951503933E-02
0.316795693594019E+00  0.182902078974621E+00  -.366550929686258E+00  0.762870951503933E-02
0.404886145356048E+00  0.233761125012465E+00  -.222699824334106E+00  0.762870951503933E-02

8         165
-.895315868908191E+00  -.516910857923888E+00  -.365511172906937E+00  0.138586138051405E-02
-.962964972193618E-34  0.000000000000000E+00  0.109653351872081E+01  0.138586138051405E-02
0.000000000000000E+00  0.103382171584778E+01  -.365511172906937E+00  0.138586138051405E-02
0.895315868908191E+00  -.516910857923888E+00  -.365511172906937E+00  0.138586138051405E-02
-.846656432748837E+00  -.488817319358669E+00  -.274865522249214E+00  0.685571740921130E-03
-.577920517848822E-01  -.333662566550226E-01  0.101334461749626E+01  0.685571740921130E-03
-.846656432748837E+00  -.422084806048624E+00  -.369239547623523E+00  0.685571740921130E-03
-.577920517848822E-01  0.944268382062316E+00  -.369239547623523E+00  0.685571740921130E-03
-.962964972193618E-34  0.667325133100451E-01  0.101334461749626E+01  0.685571740921130E-03
-.481482486096809E-34  0.977634638717339E+00  -.274865522249214E+00  0.685571740921130E-03
-.788864380963955E+00  -.522183576013692E+00  -.369239547623523E+00  0.685571740921130E-03
0.788864380963955E+00  -.522183576013692E+00  -.369239547623523E+00  0.685571740921130E-03
0.846656432748837E+00  -.488817319358669E+00  -.274865522249214E+00  0.685571740921130E-03
0.577920517848822E-01  -.333662566550226E-01  0.101334461749626E+01  0.685571740921130E-03
0.577920517848822E-01  0.944268382062316E+00  -.369239547623523E+00  0.685571740921130E-03
0.846656432748837E+00  -.422084806048624E+00  -.369239547623523E+00  0.685571740921130E-03
-.769553913299396E+00  -.344424844696013E+00  -.243545143293675E+00  0.220503349416088E-02
0.769553913299396E+00  -.344424844696013E+00  -.243545143293675E+00  0.220503349416088E-02
-.683057621850956E+00  -.494240816150998E+00  -.243545143293675E+00  0.220503349416088E-02
0.864962914484406E-01  0.838665660847011E+00  -.243545143293675E+00  0.220503349416088E-02
-.683057621850956E+00  -.394363501847675E+00  -.384792995754834E+00  0.220503349416088E-02
0.864962914484406E-01  0.499386571516615E-01  0.871883282342183E+00  0.220503349416088E-02
-.864962914484406E-01  0.499386571516615E-01  0.871883282342183E+00  0.220503349416088E-02
-.864962914484406E-01  0.838665660847011E+00  -.243545143293675E+00  0.220503349416088E-02
0.000000000000000E+00  -.998773143033230E-01  0.871883282342183E+00  0.220503349416088E-02
0.683057621850956E+00  -.494240816150998E+00  -.243545143293675E+00  0.220503349416088E-02
0.361111864572607E-34  0.788727003695350E+00  -.384792995754834E+00  0.220503349416088E-02
0.683057621850956E+00  -.394363501847675E+00  -.384792995754834E+00  0.220503349416088E-02
-.597254925977031E+00  -.344825292287669E+00  -.243828302501244E+00  0.936354827826306E-02
-.962964972193618E-34  0.000000000000000E+00  0.731484907503731E+00  0.936354827826306E-02
-.722223729145213E-34  0.689650584575337E+00  -.243828302501244E+00  0.936354827826306E-02
0.597254925977031E+00  -.344825292287669E+00  -.243828302501244E+00  0.936354827826306E-02
-.778013654089725E+00  -.449186392621907E+00  -.138990804328688E+00  0.198180288237570E-02
-.145852368181807E+00  -.842079040317106E-01  0.893324252748692E+00  0.198180288237570E-02
-.778013654089725E+00  -.280770584558486E+00  -.377166724210002E+00  0.198180288237570E-02
-.145852368181807E+00  0.814164881212104E+00  -.377166724210002E+00  0.198180288237570E-02
-.962964972193618E-34  0.168415808063421E+00  0.893324252748692E+00  0.198180288237570E-02
-.962964972193618E-34  0.898372785243815E+00  -.138990804328688E+00  0.198180288237570E-02
-.632161285907918E+00  -.533394296653618E+00  -.377166724210002E+00  0.198180288237570E-02
0.632161285907918E+00  -.533394296653618E+00  -.377166724210002E+00  0.198180288237570E-02
0.778013654089725E+00  -.449186392621907E+00  -.138990804328688E+00  0.198180288237570E-02
0.145852368181807E+00  -.842079040317106E-01  0.893324252748692E+00  0.198180288237570E-02
0.145852368181807E+00  0.814164881212104E+00  -.377166724210002E+00  0.198180288237570E-02
0.778013654089725E+00  -.280770584558486E+00  -.377166724210002E+00  0.198180288237570E-02
-.647282909802556E+00  -.284939605739867E+00  -.769705385104771E-01  0.420753962341873E-02
-.468742615465597E+00  -.476789249212988E+00  -.242986790426216E+00  0.420753962341873E-02
-.570406392016325E+00  -.211933066461315E+00  -.368525618278390E+00  0.420753962341873E-02
-.178540294336959E+00  -.143109305201551E-01  0.688482947215083E+00  0.420753962341873E-02
0.468742615465597E+00  -.476789249212988E+00  -.242986790426216E+00  0.420753962341873E-02
-.101663776550728E+00  0.599952959197820E+00  -.368525618278390E+00  0.420753962341873E-02
-.768765177862309E-01  0.703033246194458E+00  -.769705385104771E-01  0.420753962341873E-02
0.101663776550728E+00  -.147464965234880E+00  0.688482947215083E+00  0.420753962341873E-02
0.570406392016325E+00  -.211933066461315E+00  -.368525618278390E+00  0.420753962341873E-02
0.647282909802556E+00  -.284939605739867E+00  -.769705385104771E-01  0.420753962341873E-02
0.178540294336959E+00  0.644337637436062E+00  -.242986790426216E+00  0.420753962341873E-02
0.768765177862309E-01  0.161775895755035E+00  0.688482947215083E+00  0.420753962341873E-02
-.570406392016325E+00  -.418093640454591E+00  -.769705385104771E-01  0.420753962341873E-02
-.468742615465597E+00  -.388019892736505E+00  -.368525618278390E+00  0.420753962341873E-02
-.647282909802556E+00  -.167548388223074E+00  -.242986790426216E+00  0.420753962341873E-02
-.101663776550728E+00  -.147464965234880E+00  0.688482947215083E+00  0.420753962341873E-02
0.468742615465597E+00  -.388019892736505E+00  -.368525618278390E+00  0.420753962341873E-02
-.178540294336959E+00  0.644337637436062E+00  -.242986790426216E+00  0.420753962341873E-02
0.570406392016325E+00  -.418093640454591E+00  -.769705385104771E-01  0.420753962341873E-02
0.101663776550728E+00  0.599952959197820E+00  -.368525618278390E+00  0.420753962341873E-02
-.768765177862309E-01  0.161775895755035E+00  0.688482947215083E+00  0.420753962341873E-02
0.768765177862309E-01  0.703033246194458E+00  -.769705385104771E-01  0.420753962341873E-02
0.178540294336959E+00  -.143109305201551E-01  0.688482947215083E+00  0.420753962341873E-02
0.647282909802556E+00  -.167548388223074E+00  -.242986790426216E+00  0.420753962341873E-02
-.404079061352497E+00  -.233295154845756E+00  -.894869925074532E-02  0.127710077005354E-01
-.127386438108848E+00  -.735465943332513E-01  0.442888462441980E+00  0.127710077005354E-01
-.404079061352497E+00  -.862019661792532E-01  -.216969881595618E+00  0.127710077005354E-01
-.127386438108848E+00  0.393043715358260E+00  -.216969881595618E+00  0.127710077005354E-01
-.962964972193618E-34  0.147093188666503E+00  0.442888462441980E+00  0.127710077005354E-01
-.120370621524202E-33  0.466590309691511E+00  -.894869925074532E-02  0.127710077005354E-01
-.276692623243649E+00  -.306841749179007E+00  -.216969881595618E+00  0.127710077005354E-01
0.276692623243649E+00  -.306841749179007E+00  -.216969881595618E+00  0.127710077005354E-01
0.404079061352497E+00  -.233295154845756E+00  -.894869925074532E-02  0.127710077005354E-01
0.127386438108848E+00  -.735465943332513E-01  0.442888462441980E+00  0.127710077005354E-01
0.127386438108848E+00  0.393043715358260E+00  -.216969881595618E+00  0.127710077005354E-01
0.404079061352497E+00  -.862019661792532E-01  -.216969881595618E+00  0.127710077005354E-01
-.505600253699116E+00  -.583865438924580E-01  -.412855211164030E-01  0.670407817457010E-02
0.505600253699116E+00  -.583865438924580E-01  -.412855211164030E-01  0.670407817457010E-02
-.303364357099602E+00  -.408669391917062E+00  -.412855211164030E-01  0.670407817457010E-02
0.202235896599514E+00  0.467055935809520E+00  -.412855211164030E-01  0.670407817457010E-02
-.303364357099602E+00  -.175147493233993E+00  -.371535357345116E+00  0.670407817457010E-02
0.202235896599514E+00  0.116760949341535E+00  0.454106399577922E+00  0.670407817457010E-02
-.202235896599514E+00  0.116760949341535E+00  0.454106399577922E+00  0.670407817457010E-02
-.202235896599514E+00  0.467055935809520E+00  -.412855211164030E-01  0.670407817457010E-02
0.000000000000000E+00  -.233521898683070E+00  0.454106399577922E+00  0.670407817457010E-02
0.303364357099602E+00  -.408669391917062E+00  -.412855211164030E-01  0.670407817457010E-02
0.000000000000000E+00  0.350294986467986E+00  -.371535357345116E+00  0.670407817457010E-02
0.303364357099602E+00  -.175147493233993E+00  -.371535357345116E+00  0.670407817457010E-02
-.282043405822908E+00  0.379610888165775E-02  0.268425433234268E-02  0.130289723905735E-01
0.282043405822908E+00  0.379610888165775E-02  0.268425433234268E-02  0.130289723905735E-01
-.137734176184407E+00  -.246154808853351E+00  0.268425433234268E-02  0.130289723905735E-01
0.144309229638501E+00  0.242358699971693E+00  0.268425433234268E-02  0.130289723905735E-01
-.137734176184407E+00  -.795208636966785E-01  -.232971730859958E+00  0.130289723905735E-01
0.144309229638501E+00  0.833169725783363E-01  0.227603222195273E+00  0.130289723905735E-01
-.144309229638501E+00  0.833169725783363E-01  0.227603222195273E+00  0.130289723905735E-01
-.144309229638501E+00  0.242358699971693E+00  0.268425433234268E-02  0.130289723905735E-01
-.481482486096809E-34  -.166633945156673E+00  0.227603222195273E+00  0.130289723905735E-01
0.137734176184407E+00  -.246154808853351E+00  0.268425433234268E-02  0.130289723905735E-01
-.601853107621011E-34  0.159041727393357E+00  -.232971730859958E+00  0.130289723905735E-01
0.137734176184407E+00  -.795208636966785E-01  -.232971730859958E+00  0.130289723905735E-01
0.000000000000000E+00  0.000000000000000E+00  0.000000000000000E+00  0.233529889048482E-01
-.607901581414236E+00  -.350972141670308E+00  0.112760178323369E+00  0.308670236095301E-02
-.294702160537243E+00  -.170146371716942E+00  0.624212690912586E+00  0.308670236095301E-02
-.607901581414236E+00  -.106793982364251E-01  -.368486434617977E+00  0.308670236095301E-02
-.294702160537243E+00  0.531797911623675E+00  -.368486434617977E+00  0.308670236095301E-02
0.000000000000000E+00  0.340292743433883E+00  0.624212690912586E+00  0.308670236095301E-02
0.000000000000000E+00  0.701944283340617E+00  0.112760178323369E+00  0.308670236095301E-02
-.313199420876993E+00  -.521118513387250E+00  -.368486434617977E+00  0.308670236095301E-02
0.313199420876993E+00  -.521118513387250E+00  -.368486434617977E+00  0.308670236095301E-02
0.607901581414236E+00  -.350972141670308E+00  0.112760178323369E+00  0.308670236095301E-02
0.294702160537243E+00  -.170146371716942E+00  0.624212690912586E+00  0.308670236095301E-02
0.294702160537243E+00  0.531797911623675E+00  -.368486434617977E+00  0.308670236095301E-02
0.607901581414236E+00  -.106793982364251E-01  -.368486434617977E+00  0.308670236095301E-02
-.495921993477745E+00  -.193269323947359E+00  0.174293175730024E+00  0.595070038715750E-02
-.161443262779825E+00  -.479432081638080E+00  -.240313791321364E+00  0.595070038715750E-02
-.415337141049530E+00  0.533763877398287E-01  -.371908304285771E+00  0.595070038715750E-02
-.334478730697920E+00  -.100060012722576E+00  0.437928919877111E+00  0.595070038715750E-02
0.161443262779825E+00  -.479432081638080E+00  -.240313791321364E+00  0.595070038715750E-02
-.253893878269705E+00  0.333004321414179E+00  -.371908304285771E+00  0.595070038715750E-02
-.805848524282152E-01  0.526115706620827E+00  0.174293175730024E+00  0.595070038715750E-02
0.253893878269705E+00  -.239637071448685E+00  0.437928919877111E+00  0.595070038715750E-02
0.415337141049530E+00  0.533763877398287E-01  -.371908304285771E+00  0.595070038715750E-02
0.495921993477745E+00  -.193269323947359E+00  0.174293175730024E+00  0.595070038715750E-02
0.334478730697920E+00  0.379530007656215E+00  -.240313791321364E+00  0.595070038715750E-02
0.805848524282152E-01  0.339697084171261E+00  0.437928919877111E+00  0.595070038715750E-02
-.415337141049530E+00  -.332846382673468E+00  0.174293175730024E+00  0.595070038715750E-02
-.161443262779825E+00  -.386380709154008E+00  -.371908304285771E+00  0.595070038715750E-02
-.495921993477745E+00  0.999020739818650E-01  -.240313791321364E+00  0.595070038715750E-02
-.253893878269705E+00  -.239637071448685E+00  0.437928919877111E+00  0.595070038715750E-02
0.161443262779825E+00  -.386380709154008E+00  -.371908304285771E+00  0.595070038715750E-02
-.334478730697920E+00  0.379530007656215E+00  -.240313791321364E+00  0.595070038715750E-02
0.415337141049530E+00  -.332846382673468E+00  0.174293175730024E+00  0.595070038715750E-02
0.253893878269705E+00  0.333004321414179E+00  -.371908304285771E+00  0.595070038715750E-02
-.805848524282152E-01  0.339697084171261E+00  0.437928919877111E+00  0.595070038715750E-02
0.805848524282152E-01  0.526115706620827E+00  0.174293175730024E+00  0.595070038715750E-02
0.334478730697920E+00  -.100060012722576E+00  0.437928919877111E+00  0.595070038715750E-02
0.495921993477745E+00  0.999020739818650E-01  -.240313791321364E+00  0.595070038715750E-02
-.276309502539960E+00  -.159527365671097E+00  0.225605764101718E+00  0.106695202929023E-01
-.276309502539960E+00  0.159527365671097E+00  -.225605764101718E+00  0.106695202929023E-01
0.240741243048404E-34  -.319054731342195E+00  -.225605764101718E+00  0.106695202929023E-01
0.000000000000000E+00  0.319054731342195E+00  0.225605764101718E+00  0.106695202929023E-01
0.276309502539960E+00  -.159527365671097E+00  0.225605764101718E+00  0.106695202929023E-01
0.276309502539960E+00  0.159527365671097E+00  -.225605764101718E+00  0.106695202929023E-01
-.350875689663537E+00  0.448566762432947E-01  0.199007370729140E+00  0.611318989191039E-02
-.350875689663537E+00  0.202578173879339E+00  -.240445103055492E-01  0.611318989191039E-02
-.136590823675741E+00  -.326295598940655E+00  0.199007370729140E+00  0.611318989191039E-02
-.136590823675741E+00  0.788607488180220E-01  -.373970231152731E+00  0.611318989191039E-02
-.722223729145213E-34  -.405156347758677E+00  -.240445103055492E-01  0.611318989191039E-02
-.601853107621011E-34  -.157721497636044E+00  -.373970231152731E+00  0.611318989191039E-02
-.214284865987796E+00  0.281438922697361E+00  0.199007370729140E+00  0.611318989191039E-02
0.214284865987796E+00  0.281438922697361E+00  0.199007370729140E+00  0.611318989191039E-02
0.136590823675741E+00  -.326295598940655E+00  0.199007370729140E+00  0.611318989191039E-02
0.350875689663537E+00  0.448566762432947E-01  0.199007370729140E+00  0.611318989191039E-02
0.136590823675741E+00  0.788607488180220E-01  -.373970231152731E+00  0.611318989191039E-02
0.350875689663537E+00  0.202578173879339E+00  -.240445103055492E-01  0.611318989191039E-02
-.472495268362272E+00  -.272795270379782E+00  0.385790771122323E+00  0.162121528937209E-02
-.472495268362272E+00  0.272795270379782E+00  -.385790771122323E+00  0.162121528937209E-02
-.722223729145213E-34  -.545590540759564E+00  -.385790771122323E+00  0.162121528937209E-02
0.000000000000000E+00  0.545590540759564E+00  0.385790771122323E+00  0.162121528937209E-02
0.472495268362272E+00  -.272795270379782E+00  0.385790771122323E+00  0.162121528937209E-02
0.472495268362272E+00  0.272795270379782E+00  -.385790771122323E+00  0.162121528937209E-02

9         220
-.912198048411441E+00  -.526657788804597E+00  -.372403293828443E+00  0.697715034334001E-03
-.192592994438724E-33  -.962964972193618E-34  0.111720988148533E+01  0.697715034334001E-03
-.962964972193618E-34  0.105331557760919E+01  -.372403293828443E+00  0.697715034334001E-03
0.912198048411441E+00  -.526657788804597E+00  -.372403293828443E+00  0.697715034334001E-03
-.888697956987764E+00  -.513090004695156E+00  -.291674799727886E+00  0.422377862635866E-03
-.580811756086567E-01  -.335331823725079E-01  0.106471672438658E+01  0.422377862635866E-03
-.888697956987764E+00  -.446023639950140E+00  -.386520962329348E+00  0.422377862635866E-03
-.580811756086567E-01  0.992646827017805E+00  -.386520962329348E+00  0.422377862635866E-03
-.962964972193618E-34  0.670663647450158E-01  0.106471672438658E+01  0.422377862635866E-03
-.481482486096809E-34  0.102618000939031E+01  -.291674799727886E+00  0.422377862635866E-03
-.830616781379108E+00  -.546623187067664E+00  -.386520962329348E+00  0.422377862635866E-03
0.830616781379108E+00  -.546623187067664E+00  -.386520962329348E+00  0.422377862635866E-03
0.888697956987764E+00  -.513090004695156E+00  -.291674799727886E+00  0.422377862635866E-03
0.580811756086567E-01  -.335331823725079E-01  0.106471672438658E+01  0.422377862635866E-03
0.580811756086567E-01  0.992646827017805E+00  -.386520962329348E+00  0.422377862635866E-03
0.888697956987764E+00  -.446023639950140E+00  -.386520962329348E+00  0.422377862635866E-03
-.797382794812737E+00  -.380877071916366E+00  -.269320760350539E+00  0.189065974819810E-02
0.797382794812737E+00  -.380877071916366E+00  -.269320760350539E+00  0.189065974819810E-02
-.728540617404974E+00  -.500115220890281E+00  -.269320760350539E+00  0.189065974819810E-02
0.688421774077628E-01  0.880992292806648E+00  -.269320760350539E+00  0.189065974819810E-02
-.728540617404974E+00  -.420623121574338E+00  -.381739565304655E+00  0.189065974819810E-02
0.688421774077628E-01  0.397460496579718E-01  0.920381086005733E+00  0.189065974819810E-02
-.688421774077628E-01  0.397460496579718E-01  0.920381086005733E+00  0.189065974819810E-02
-.688421774077628E-01  0.880992292806648E+00  -.269320760350539E+00  0.189065974819810E-02
0.000000000000000E+00  -.794920993159436E-01  0.920381086005733E+00  0.189065974819810E-02
0.728540617404974E+00  -.500115220890281E+00  -.269320760350539E+00  0.189065974819810E-02
0.300926553810506E-34  0.841246243148676E+00  -.381739565304655E+00  0.189065974819810E-02
0.728540617404974E+00  -.420623121574338E+00  -.381739565304655E+00  0.189065974819810E-02
-.662669911331048E+00  -.382592651690846E+00  -.270533858442740E+00  0.486184409907656E-02
-.962964972193618E-34  -.481482486096809E-34  0.811601575328220E+00  0.486184409907656E-02
-.962964972193618E-34  0.765185303381692E+00  -.270533858442740E+00  0.486184409907656E-02
0.662669911331048E+00  -.382592651690846E+00  -.270533858442740E+00  0.486184409907656E-02
-.801937532258913E+00  -.462998850122948E+00  -.171447168537456E+00  0.108229913353553E-02
-.127326483832399E+00  -.735119797156042E-01  0.930188060455180E+00  0.108229913353553E-02
-.801937532258913E+00  -.315974890691740E+00  -.379370445958862E+00  0.108229913353553E-02
-.127326483832399E+00  0.852485720530292E+00  -.379370445958862E+00  0.108229913353553E-02
0.000000000000000E+00  0.147023959431208E+00  0.930188060455180E+00  0.108229913353553E-02
-.481482486096809E-34  0.925997700245896E+00  -.171447168537456E+00  0.108229913353553E-02
-.674611048426514E+00  -.536510829838552E+00  -.379370445958862E+00  0.108229913353553E-02
0.674611048426514E+00  -.536510829838552E+00  -.379370445958862E+00  0.108229913353553E-02
0.801937532258913E+00  -.462998850122948E+00  -.171447168537456E+00  0.108229913353553E-02
0.127326483832399E+00  -.735119797156042E-01  0.930188060455180E+00  0.108229913353553E-02
0.127326483832399E+00  0.852485720530292E+00  -.379370445958862E+00  0.108229913353553E-02
0.801937532258913E+00  -.315974890691740E+00  -.379370445958862E+00  0.108229913353553E-02
-.705386528479873E+00  -.336126562367441E+00  -.116488683705973E+00  0.218916801104362E-02
-.544837256834947E+00  -.499948267302986E+00  -.278073600880596E+00  0.218916801104362E-02
-.643787406136875E+00  -.257433041562373E+00  -.378664546443010E+00  0.218916801104362E-02
-.160549271644926E+00  -.215646254692467E-01  0.773226831029579E+00  0.218916801104362E-02
0.544837256834947E+00  -.499948267302986E+00  -.278073600880596E+00  0.218916801104362E-02
-.989501493019274E-01  0.686252769132210E+00  -.378664546443010E+00  0.218916801104362E-02
-.615991223429982E-01  0.778945934334606E+00  -.116488683705973E+00  0.218916801104362E-02
0.989501493019274E-01  -.128257435068971E+00  0.773226831029579E+00  0.218916801104362E-02
0.643787406136875E+00  -.257433041562373E+00  -.378664546443010E+00  0.218916801104362E-02
0.705386528479873E+00  -.336126562367441E+00  -.116488683705973E+00  0.218916801104362E-02
0.160549271644926E+00  0.721817038998784E+00  -.278073600880596E+00  0.218916801104362E-02
0.615991223429982E-01  0.149822060538218E+00  0.773226831029579E+00  0.218916801104362E-02
-.643787406136875E+00  -.442819371967165E+00  -.116488683705973E+00  0.218916801104362E-02
-.544837256834947E+00  -.428819727569837E+00  -.378664546443010E+00  0.218916801104362E-02
-.705386528479873E+00  -.221868771695798E+00  -.278073600880596E+00  0.218916801104362E-02
-.989501493019274E-01  -.128257435068971E+00  0.773226831029579E+00  0.218916801104362E-02
0.544837256834947E+00  -.428819727569837E+00  -.378664546443010E+00  0.218916801104362E-02
-.160549271644926E+00  0.721817038998784E+00  -.278073600880596E+00  0.218916801104362E-02
0.643787406136875E+00  -.442819371967165E+00  -.116488683705973E+00  0.218916801104362E-02
0.989501493019274E-01  0.686252769132210E+00  -.378664546443010E+00  0.218916801104362E-02
-.615991223429982E-01  0.149822060538218E+00  0.773226831029579E+00  0.218916801104362E-02
0.615991223429982E-01  0.778945934334606E+00  -.116488683705973E+00  0.218916801104362E-02
0.160549271644926E+00  -.215646254692467E-01  0.773226831029579E+00  0.218916801104362E-02
0.705386528479873E+00  -.221868771695798E+00  -.278073600880596E+00  0.218916801104362E-02
-.506568863529350E+00  -.292467669721753E+00  -.716053271266961E-01  0.884420597201061E-02
-.110390783067958E+00  -.637341483203391E-01  0.575350769143776E+00  0.884420597201061E-02
-.506568863529350E+00  -.164999373081075E+00  -.251872721008540E+00  0.884420597201061E-02
-.110390783067958E+00  0.521201191123167E+00  -.251872721008540E+00  0.884420597201061E-02
0.000000000000000E+00  0.127468296640678E+00  0.575350769143776E+00  0.884420597201061E-02
-.481482486096809E-34  0.584935339443506E+00  -.716053271266961E-01  0.884420597201061E-02
-.396178080461392E+00  -.356201818042092E+00  -.251872721008540E+00  0.884420597201061E-02
0.396178080461392E+00  -.356201818042092E+00  -.251872721008540E+00  0.884420597201061E-02
0.506568863529350E+00  -.292467669721753E+00  -.716053271266961E-01  0.884420597201061E-02
0.110390783067958E+00  -.637341483203391E-01  0.575350769143776E+00  0.884420597201061E-02
0.110390783067958E+00  0.521201191123167E+00  -.251872721008540E+00  0.884420597201061E-02
0.506568863529350E+00  -.164999373081075E+00  -.251872721008540E+00  0.884420597201061E-02
-.583926000777476E+00  -.140614468450650E+00  -.994294441743962E-01  0.452139703291236E-02
0.583926000777476E+00  -.140614468450650E+00  -.994294441743962E-01  0.452139703291236E-02
-.413738702206646E+00  -.435387516378221E+00  -.994294441743962E-01  0.452139703291236E-02
0.170187298570830E+00  0.576001984828871E+00  -.994294441743962E-01  0.452139703291236E-02
-.413738702206646E+00  -.238872151093174E+00  -.377344138975214E+00  0.452139703291236E-02
0.170187298570830E+00  0.982576826425239E-01  0.576203027324006E+00  0.452139703291236E-02
-.170187298570830E+00  0.982576826425239E-01  0.576203027324006E+00  0.452139703291236E-02
-.170187298570830E+00  0.576001984828871E+00  -.994294441743962E-01  0.452139703291236E-02
-.962964972193618E-34  -.196515365285048E+00  0.576203027324006E+00  0.452139703291236E-02
0.413738702206646E+00  -.435387516378221E+00  -.994294441743962E-01  0.452139703291236E-02
-.114352090447992E-33  0.477744302186347E+00  -.377344138975214E+00  0.452139703291236E-02
0.413738702206646E+00  -.238872151093174E+00  -.377344138975214E+00  0.452139703291236E-02
-.372474819928508E+00  -.682083152523400E-01  -.482305622482394E-01  0.992836545818572E-02
0.372474819928508E+00  -.682083152523400E-01  -.482305622482394E-01  0.992836545818572E-02
-.245307543722118E+00  -.288468498701953E+00  -.482305622482394E-01  0.992836545818572E-02
0.127167276206390E+00  0.356676813954293E+00  -.482305622482394E-01  0.992836545818572E-02
-.245307543722118E+00  -.141628376402211E+00  -.255893854705058E+00  0.992836545818572E-02
0.127167276206390E+00  0.734200611498709E-01  0.352354979201537E+00  0.992836545818572E-02
-.127167276206390E+00  0.734200611498709E-01  0.352354979201537E+00  0.992836545818572E-02
-.127167276206390E+00  0.356676813954293E+00  -.482305622482394E-01  0.992836545818572E-02
0.000000000000000E+00  -.146840122299742E+00  0.352354979201537E+00  0.992836545818572E-02
0.245307543722118E+00  -.288468498701953E+00  -.482305622482394E-01  0.992836545818572E-02
0.000000000000000E+00  0.283256752804422E+00  -.255893854705058E+00  0.992836545818572E-02
0.245307543722118E+00  -.141628376402211E+00  -.255893854705058E+00  0.992836545818572E-02
-.145358678248042E+00  -.839228720155551E-01  -.593424318988498E-01  0.151052783387825E-01
-.192592994438724E-33  0.240741243048404E-34  0.178027295696549E+00  0.151052783387825E-01
-.144444745829043E-33  0.167845744031110E+00  -.593424318988498E-01  0.151052783387825E-01
0.145358678248042E+00  -.839228720155551E-01  -.593424318988498E-01  0.151052783387825E-01
-.685835542738217E+00  -.395967335219723E+00  0.298418424296196E-01  0.123543594618033E-02
-.252977609891774E+00  -.146056691169964E+00  0.736695886822748E+00  0.123543594618033E-02
-.685835542738217E+00  -.103853952879795E+00  -.383268864626184E+00  0.123543594618033E-02
-.252977609891774E+00  0.645877979269482E+00  -.383268864626184E+00  0.123543594618033E-02
0.000000000000000E+00  0.292113382339928E+00  0.736695886822748E+00  0.123543594618033E-02
0.000000000000000E+00  0.791934670439445E+00  0.298418424296196E-01  0.123543594618033E-02
-.432857932846443E+00  -.542024026389687E+00  -.383268864626184E+00  0.123543594618033E-02
0.432857932846443E+00  -.542024026389687E+00  -.383268864626184E+00  0.123543594618033E-02
0.685835542738217E+00  -.395967335219723E+00  0.298418424296196E-01  0.123543594618033E-02
0.252977609891774E+00  -.146056691169964E+00  0.736695886822748E+00  0.123543594618033E-02
0.252977609891774E+00  0.645877979269482E+00  -.383268864626184E+00  0.123543594618033E-02
0.685835542738217E+00  -.103853952879795E+00  -.383268864626184E+00  0.123543594618033E-02
-.580141317092729E+00  -.259590749051636E+00  0.783577043966395E-01  0.363315498752780E-02
-.301029255239212E+00  -.496090169636711E+00  -.270863740115823E+00  0.363315498752780E-02
-.514882841812513E+00  -.503308957710499E-01  -.377430384001529E+00  0.363315498752780E-02
-.279112061853517E+00  -.857914275053243E-01  0.569936419720713E+00  0.363315498752780E-02
0.301029255239212E+00  -.496090169636711E+00  -.270863740115823E+00  0.363315498752780E-02
-.213853586573300E+00  0.471067068867885E+00  -.377430384001529E+00  0.363315498752780E-02
-.652584752802165E-01  0.632212492913085E+00  0.783577043966395E-01  0.363315498752780E-02
0.213853586573300E+00  -.198822422315137E+00  0.569936419720713E+00  0.363315498752780E-02
0.514882841812513E+00  -.503308957710499E-01  -.377430384001529E+00  0.363315498752780E-02
0.580141317092729E+00  -.259590749051636E+00  0.783577043966395E-01  0.363315498752780E-02
0.279112061853517E+00  0.508744067137823E+00  -.270863740115823E+00  0.363315498752780E-02
0.652584752802165E-01  0.284613849820461E+00  0.569936419720713E+00  0.363315498752780E-02
-.514882841812513E+00  -.372621743861449E+00  0.783577043966395E-01  0.363315498752780E-02
-.301029255239212E+00  -.420736173096835E+00  -.377430384001529E+00  0.363315498752780E-02
-.580141317092729E+00  -.126538975011124E-01  -.270863740115823E+00  0.363315498752780E-02
-.213853586573300E+00  -.198822422315137E+00  0.569936419720713E+00  0.363315498752780E-02
0.301029255239212E+00  -.420736173096835E+00  -.377430384001529E+00  0.363315498752780E-02
-.279112061853517E+00  0.508744067137823E+00  -.270863740115823E+00  0.363315498752780E-02
0.514882841812513E+00  -.372621743861449E+00  0.783577043966395E-01  0.363315498752780E-02
0.213853586573300E+00  0.471067068867885E+00  -.377430384001529E+00  0.363315498752780E-02
-.652584752802165E-01  0.284613849820461E+00  0.569936419720713E+00  0.363315498752780E-02
0.652584752802165E-01  0.632212492913085E+00  0.783577043966395E-01  0.363315498752780E-02
0.279112061853517E+00  -.857914275053243E-01  0.569936419720713E+00  0.363315498752780E-02
0.580141317092729E+00  -.126538975011124E-01  -.270863740115823E+00  0.363315498752780E-02
-.362935046365104E+00  -.209540646717242E+00  0.155896468300413E+00  0.754277664002306E-02
-.248267282134363E+00  -.143337182171251E+00  0.343148143174467E+00  0.754277664002306E-02
-.362935046365104E+00  0.771337176252600E-01  -.249522305737440E+00  0.754277664002306E-02
-.248267282134363E+00  0.275744111263233E+00  -.249522305737440E+00  0.754277664002306E-02
0.000000000000000E+00  0.286674364342502E+00  0.343148143174467E+00  0.754277664002306E-02
0.000000000000000E+00  0.419081293434485E+00  0.155896468300413E+00  0.754277664002306E-02
-.114667764230741E+00  -.352877828888493E+00  -.249522305737440E+00  0.754277664002306E-02
0.114667764230741E+00  -.352877828888493E+00  -.249522305737440E+00  0.754277664002306E-02
0.362935046365104E+00  -.209540646717242E+00  0.155896468300413E+00  0.754277664002306E-02
0.248267282134363E+00  -.143337182171251E+00  0.343148143174467E+00  0.754277664002306E-02
0.248267282134363E+00  0.275744111263233E+00  -.249522305737440E+00  0.754277664002306E-02
0.362935046365104E+00  0.771337176252600E-01  -.249522305737440E+00  0.754277664002306E-02
-.438482867154790E+00  -.441154068994905E-01  0.123006042052288E+00  0.452935496086176E-02
-.131542441832665E+00  -.430370338571764E+00  -.825944185153408E-01  0.452935496086176E-02
-.257446496650641E+00  -.325532426072592E-02  -.378225573595746E+00  0.452935496086176E-02
-.306940425322125E+00  0.318306573024594E-01  0.337813950058799E+00  0.452935496086176E-02
0.131542441832665E+00  -.430370338571764E+00  -.825944185153408E-01  0.452935496086176E-02
-.125904054817976E+00  0.224582868345124E+00  -.378225573595746E+00  0.452935496086176E-02
-.181036370504149E+00  0.401795005530031E+00  0.123006042052288E+00  0.452935496086176E-02
0.125904054817976E+00  -.281733534428591E+00  0.337813950058799E+00  0.452935496086176E-02
0.257446496650641E+00  -.325532426072592E-02  -.378225573595746E+00  0.452935496086176E-02
0.438482867154790E+00  -.441154068994905E-01  0.123006042052288E+00  0.452935496086176E-02
0.306940425322125E+00  0.329104265588807E+00  -.825944185153408E-01  0.452935496086176E-02
0.181036370504149E+00  0.249902877126131E+00  0.337813950058799E+00  0.452935496086176E-02
-.257446496650641E+00  -.357679598630540E+00  0.123006042052288E+00  0.452935496086176E-02
-.131542441832665E+00  -.221327544084398E+00  -.378225573595746E+00  0.452935496086176E-02
-.438482867154790E+00  0.101266072982957E+00  -.825944185153408E-01  0.452935496086176E-02
-.125904054817976E+00  -.281733534428591E+00  0.337813950058799E+00  0.452935496086176E-02
0.131542441832665E+00  -.221327544084398E+00  -.378225573595746E+00  0.452935496086176E-02
-.306940425322125E+00  0.329104265588807E+00  -.825944185153408E-01  0.452935496086176E-02
0.257446496650641E+00  -.357679598630540E+00  0.123006042052288E+00  0.452935496086176E-02
0.125904054817976E+00  0.224582868345124E+00  -.378225573595746E+00  0.452935496086176E-02
-.181036370504149E+00  0.249902877126131E+00  0.337813950058799E+00  0.452935496086176E-02
0.181036370504149E+00  0.401795005530031E+00  0.123006042052288E+00  0.452935496086176E-02
0.306940425322125E+00  0.318306573024594E-01  0.337813950058799E+00  0.452935496086176E-02
0.438482867154790E+00  0.101266072982957E+00  -.825944185153408E-01  0.452935496086176E-02
-.254491913899092E+00  -.413078520748986E-02  0.157304286295192E+00  0.869233491373283E-02
-.254491913899092E+00  0.146930974996224E+00  -.563293037408522E-01  0.869233491373283E-02
-.130823321876809E+00  -.218331069890591E+00  0.157304286295192E+00  0.869233491373283E-02
-.130823321876809E+00  0.755308801018569E-01  -.258279268849532E+00  0.869233491373283E-02
-.168518870133883E-33  -.293861949992448E+00  -.563293037408522E-01  0.869233491373283E-02
-.156481807981463E-33  -.151061760203714E+00  -.258279268849532E+00  0.869233491373283E-02
-.123668592022283E+00  0.222461855098081E+00  0.157304286295192E+00  0.869233491373283E-02
0.123668592022283E+00  0.222461855098081E+00  0.157304286295192E+00  0.869233491373283E-02
0.130823321876809E+00  -.218331069890591E+00  0.157304286295192E+00  0.869233491373283E-02
0.254491913899092E+00  -.413078520748986E-02  0.157304286295192E+00  0.869233491373283E-02
0.130823321876809E+00  0.755308801018569E-01  -.258279268849532E+00  0.869233491373283E-02
0.254491913899092E+00  0.146930974996224E+00  -.563293037408522E-01  0.869233491373283E-02
-.310470723443545E+00  0.179250355755629E+00  0.126749142084906E+00  0.389391649858274E-02
0.000000000000000E+00  -.358500711511257E+00  0.126749142084906E+00  0.389391649858274E-02
-.421297175334708E-34  -.752316384526264E-35  -.380247426254718E+00  0.389391649858274E-02
0.310470723443545E+00  0.179250355755629E+00  0.126749142084906E+00  0.389391649858274E-02
-.538703899384468E+00  -.311020841323124E+00  0.264020684811138E+00  0.147382489420496E-02
-.395139952903980E+00  -.228134158176689E+00  0.498459627702757E+00  0.147382489420496E-02
-.538703899384468E+00  0.145247475030254E+00  -.381240156256947E+00  0.147382489420496E-02
-.395139952903980E+00  0.393907524469559E+00  -.381240156256947E+00  0.147382489420496E-02
-.962964972193618E-34  0.456268316353378E+00  0.498459627702757E+00  0.147382489420496E-02
-.962964972193618E-34  0.622041682646247E+00  0.264020684811138E+00  0.147382489420496E-02
-.143563946480488E+00  -.539154999499813E+00  -.381240156256947E+00  0.147382489420496E-02
0.143563946480488E+00  -.539154999499813E+00  -.381240156256947E+00  0.147382489420496E-02
0.538703899384468E+00  -.311020841323124E+00  0.264020684811138E+00  0.147382489420496E-02
0.395139952903980E+00  -.228134158176689E+00  0.498459627702757E+00  0.147382489420496E-02
0.395139952903980E+00  0.393907524469559E+00  -.381240156256947E+00  0.147382489420496E-02
0.538703899384468E+00  0.145247475030254E+00  -.381240156256947E+00  0.147382489420496E-02
-.427579330880933E+00  -.169039128774549E+00  0.321602153425910E+00  0.404414056587518E-02
-.427579330880933E+00  0.246863041784027E+00  -.266572336798436E+00  0.404414056587518E-02
-.360181845192815E+00  -.285774998288766E+00  0.321602153425910E+00  0.404414056587518E-02
-.360181845192815E+00  0.207951085279288E+00  -.376631970053384E+00  0.404414056587518E-02
0.361111864572607E-34  -.493726083568054E+00  -.266572336798436E+00  0.404414056587518E-02
0.391204519953657E-34  -.415902170558576E+00  -.376631970053384E+00  0.404414056587518E-02
-.673974856881180E-01  0.454814127063315E+00  0.321602153425910E+00  0.404414056587518E-02
0.673974856881180E-01  0.454814127063315E+00  0.321602153425910E+00  0.404414056587518E-02
0.360181845192815E+00  -.285774998288766E+00  0.321602153425910E+00  0.404414056587518E-02
0.427579330880933E+00  -.169039128774549E+00  0.321602153425910E+00  0.404414056587518E-02
0.360181845192815E+00  0.207951085279288E+00  -.376631970053384E+00  0.404414056587518E-02
0.427579330880933E+00  0.246863041784027E+00  -.266572336798436E+00  0.404414056587518E-02

10         286
-.927373420558376E+00  -.535419293998683E+00  -.378598613564582E+00  0.352136786889890E-03
0.000000000000000E+00  0.962964972193618E-34  0.113579584069375E+01  0.352136786889890E-03
0.481482486096809E-34  0.107083858799737E+01  -.378598613564582E+00  0.352136786889890E-03
0.927373420558376E+00  -.535419293998683E+00  -.378598613564582E+00  0.352136786889890E-03
-.923329849723207E+00  -.533084737288510E+00  -.326351499387834E+00  0.141316192265092E-03
-.413117331435988E-01  -.238513402511467E-01  0.111397805361929E+01  0.141316192265092E-03
-.923329849723207E+00  -.485382056786217E+00  -.393813277115728E+00  0.141316192265092E-03
-.413117331435988E-01  0.104231813432587E+01  -.393813277115728E+00  0.141316192265092E-03
0.962964972193618E-34  0.477026805022935E-01  0.111397805361929E+01  0.141316192265092E-03
0.481482486096809E-34  0.106616947457702E+01  -.326351499387834E+00  0.141316192265092E-03
-.882018116579609E+00  -.556936077539657E+00  -.393813277115728E+00  0.141316192265092E-03
0.882018116579609E+00  -.556936077539657E+00  -.393813277115728E+00  0.141316192265092E-03
0.923329849723207E+00  -.533084737288510E+00  -.326351499387834E+00  0.141316192265092E-03
0.413117331435988E-01  -.238513402511467E-01  0.111397805361929E+01  0.141316192265092E-03
0.413117331435988E-01  0.104231813432587E+01  -.393813277115728E+00  0.141316192265092E-03
0.923329849723207E+00  -.485382056786217E+00  -.393813277115728E+00  0.141316192265092E-03
-.842110324103468E+00  -.427663522888588E+00  -.302403777100649E+00  0.103324615203693E-02
0.842110324103468E+00  -.427663522888588E+00  -.302403777100649E+00  0.103324615203693E-02
-.791422637145199E+00  -.515457172018456E+00  -.302403777100649E+00  0.103324615203693E-02
0.506876869582688E-01  0.943120694907044E+00  -.302403777100649E+00  0.103324615203693E-02
-.791422637145199E+00  -.456928072598544E+00  -.385176423293772E+00  0.103324615203693E-02
0.506876869582688E-01  0.292645497099559E-01  0.989983977495070E+00  0.103324615203693E-02
-.506876869582688E-01  0.292645497099559E-01  0.989983977495070E+00  0.103324615203693E-02
-.506876869582688E-01  0.943120694907044E+00  -.302403777100649E+00  0.103324615203693E-02
0.000000000000000E+00  -.585290994199119E-01  0.989983977495070E+00  0.103324615203693E-02
0.791422637145199E+00  -.515457172018456E+00  -.302403777100649E+00  0.103324615203693E-02
-.451389830715758E-34  0.913856145197088E+00  -.385176423293772E+00  0.103324615203693E-02
0.791422637145199E+00  -.456928072598544E+00  -.385176423293772E+00  0.103324615203693E-02
-.720287556569433E+00  -.415858214679300E+00  -.294056163611864E+00  0.239996620219755E-02
-.192592994438724E-33  0.000000000000000E+00  0.882168490835592E+00  0.239996620219755E-02
-.144444745829043E-33  0.831716429358600E+00  -.294056163611864E+00  0.239996620219755E-02
0.720287556569433E+00  -.415858214679300E+00  -.294056163611864E+00  0.239996620219755E-02
-.862438914916690E+00  -.497929339686760E+00  -.231271717595852E+00  0.345652349823779E-03
-.986470716232675E-01  -.569539133564618E-01  0.101599513958328E+01  0.345652349823779E-03
-.862438914916690E+00  -.384021512973836E+00  -.392361710993713E+00  0.345652349823779E-03
-.986470716232675E-01  0.938904766017058E+00  -.392361710993713E+00  0.345652349823779E-03
-.192592994438724E-33  0.113907826712924E+00  0.101599513958328E+01  0.345652349823779E-03
-.144444745829043E-33  0.995858679373520E+00  -.231271717595852E+00  0.345652349823779E-03
-.763791843293423E+00  -.554883253043222E+00  -.392361710993713E+00  0.345652349823779E-03
0.763791843293423E+00  -.554883253043222E+00  -.392361710993713E+00  0.345652349823779E-03
0.862438914916690E+00  -.497929339686760E+00  -.231271717595852E+00  0.345652349823779E-03
0.986470716232675E-01  -.569539133564618E-01  0.101599513958328E+01  0.345652349823779E-03
0.986470716232675E-01  0.938904766017058E+00  -.392361710993713E+00  0.345652349823779E-03
0.862438914916690E+00  -.384021512973836E+00  -.392361710993713E+00  0.345652349823779E-03
-.772335622293091E+00  -.397133385220577E+00  -.174784966028280E+00  0.130898086991352E-02
-.643521671736848E+00  -.520278948464679E+00  -.316159290957293E+00  0.130898086991352E-02
-.730095411438477E+00  -.321554038485140E+00  -.385137266438210E+00  0.130898086991352E-02
-.128813950556242E+00  -.255959748139495E-01  0.876081523423783E+00  0.130898086991352E-02
0.643521671736848E+00  -.520278948464679E+00  -.316159290957293E+00  0.130898086991352E-02
-.865737397016282E-01  0.793058192734743E+00  -.385137266438210E+00  0.130898086991352E-02
-.422402108546143E-01  0.867428961763768E+00  -.174784966028280E+00  0.130898086991352E-02
0.865737397016282E-01  -.987581661365639E-01  0.876081523423783E+00  0.130898086991352E-02
0.730095411438477E+00  -.321554038485140E+00  -.385137266438210E+00  0.130898086991352E-02
0.772335622293091E+00  -.397133385220577E+00  -.174784966028280E+00  0.130898086991352E-02
0.128813950556242E+00  0.817445589842281E+00  -.316159290957293E+00  0.130898086991352E-02
0.422402108546143E-01  0.124354140950513E+00  0.876081523423783E+00  0.130898086991352E-02
-.730095411438477E+00  -.470295576543191E+00  -.174784966028280E+00  0.130898086991352E-02
-.643521671736848E+00  -.471504154249603E+00  -.385137266438210E+00  0.130898086991352E-02
-.772335622293091E+00  -.297166641377602E+00  -.316159290957293E+00  0.130898086991352E-02
-.865737397016282E-01  -.987581661365639E-01  0.876081523423783E+00  0.130898086991352E-02
0.643521671736848E+00  -.471504154249603E+00  -.385137266438210E+00  0.130898086991352E-02
-.128813950556242E+00  0.817445589842281E+00  -.316159290957293E+00  0.130898086991352E-02
0.730095411438477E+00  -.470295576543191E+00  -.174784966028280E+00  0.130898086991352E-02
0.865737397016282E-01  0.793058192734743E+00  -.385137266438210E+00  0.130898086991352E-02
-.422402108546143E-01  0.124354140950513E+00  0.876081523423783E+00  0.130898086991352E-02
0.422402108546143E-01  0.867428961763768E+00  -.174784966028280E+00  0.130898086991352E-02
0.128813950556242E+00  -.255959748139495E-01  0.876081523423783E+00  0.130898086991352E-02
0.772335622293091E+00  -.297166641377602E+00  -.316159290957293E+00  0.130898086991352E-02
-.598237726143126E+00  -.345392712228123E+00  -.134681273625738E+00  0.503370843659287E-02
-.894457759506357E-01  -.516415428229745E-01  0.696172501845699E+00  0.503370843659287E-02
-.598237726143126E+00  -.242109626582174E+00  -.280745614109981E+00  0.503370843659287E-02
-.894457759506357E-01  0.639143881633272E+00  -.280745614109981E+00  0.503370843659287E-02
-.962964972193618E-34  0.103283085645949E+00  0.696172501845699E+00  0.503370843659287E-02
-.722223729145213E-34  0.690785424456247E+00  -.134681273625738E+00  0.503370843659287E-02
-.508791950192490E+00  -.397034255051098E+00  -.280745614109981E+00  0.503370843659287E-02
0.508791950192490E+00  -.397034255051098E+00  -.280745614109981E+00  0.503370843659287E-02
0.598237726143126E+00  -.345392712228123E+00  -.134681273625738E+00  0.503370843659287E-02
0.894457759506357E-01  -.516415428229745E-01  0.696172501845699E+00  0.503370843659287E-02
0.894457759506357E-01  0.639143881633272E+00  -.280745614109981E+00  0.503370843659287E-02
0.598237726143126E+00  -.242109626582174E+00  -.280745614109981E+00  0.503370843659287E-02
-.661609437284779E+00  -.223500851893741E+00  -.158038967975035E+00  0.306151809135978E-02
0.661609437284779E+00  -.223500851893741E+00  -.158038967975035E+00  0.306151809135978E-02
-.524362134149833E+00  -.461220154125275E+00  -.158038967975035E+00  0.306151809135978E-02
0.137247303134946E+00  0.684721006019016E+00  -.158038967975035E+00  0.306151809135978E-02
-.524362134149833E+00  -.302740619304253E+00  -.382162875477504E+00  0.306151809135978E-02
0.137247303134946E+00  0.792397674105112E-01  0.698240811427573E+00  0.306151809135978E-02
-.137247303134946E+00  0.792397674105112E-01  0.698240811427573E+00  0.306151809135978E-02
-.137247303134946E+00  0.684721006019016E+00  -.158038967975035E+00  0.306151809135978E-02
0.000000000000000E+00  -.158479534821022E+00  0.698240811427573E+00  0.306151809135978E-02
0.524362134149833E+00  -.461220154125275E+00  -.158038967975035E+00  0.306151809135978E-02
0.902779661431517E-35  0.605481238608505E+00  -.382162875477504E+00  0.306151809135978E-02
0.524362134149833E+00  -.302740619304253E+00  -.382162875477504E+00  0.306151809135978E-02
-.466696285197386E+00  -.147354371349244E+00  -.104195275218531E+00  0.720662562625926E-02
0.466696285197386E+00  -.147354371349244E+00  -.104195275218531E+00  0.720662562625926E-02
-.360960771545824E+00  -.330493653158142E+00  -.104195275218531E+00  0.720662562625926E-02
0.105735513651562E+00  0.477848024507386E+00  -.104195275218531E+00  0.720662562625926E-02
-.360960771545824E+00  -.208400798618877E+00  -.276860645976806E+00  0.720662562625926E-02
0.105735513651562E+00  0.610464272696329E-01  0.485251196413868E+00  0.720662562625926E-02
-.105735513651562E+00  0.610464272696329E-01  0.485251196413868E+00  0.720662562625926E-02
-.105735513651562E+00  0.477848024507386E+00  -.104195275218531E+00  0.720662562625926E-02
0.000000000000000E+00  -.122092854539266E+00  0.485251196413868E+00  0.720662562625926E-02
0.360960771545824E+00  -.330493653158142E+00  -.104195275218531E+00  0.720662562625926E-02
0.120370621524202E-34  0.416801597237753E+00  -.276860645976806E+00  0.720662562625926E-02
0.360960771545824E+00  -.208400798618877E+00  -.276860645976806E+00  0.720662562625926E-02
-.267066917820036E+00  -.154191156895042E+00  -.109029612639483E+00  0.965135181417536E-02
-.962964972193618E-34  0.000000000000000E+00  0.327088837918448E+00  0.965135181417536E-02
-.722223729145213E-34  0.308382313790083E+00  -.109029612639483E+00  0.965135181417536E-02
0.267066917820036E+00  -.154191156895042E+00  -.109029612639483E+00  0.965135181417536E-02
-.748799846024859E+00  -.432319792671603E+00  -.490675130241327E-01  0.545387783458220E-03
-.209536492056122E+00  -.120975950093652E+00  0.831545856446051E+00  0.545387783458220E-03
-.748799846024859E+00  -.190367892484299E+00  -.391239171710959E+00  0.545387783458220E-03
-.209536492056122E+00  0.743663635249553E+00  -.391239171710959E+00  0.545387783458220E-03
-.962964972193618E-34  0.241951900187304E+00  0.831545856446051E+00  0.545387783458220E-03
-.962964972193618E-34  0.864639585343205E+00  -.490675130241327E-01  0.545387783458220E-03
-.539263353968737E+00  -.553295742765255E+00  -.391239171710959E+00  0.545387783458220E-03
0.539263353968737E+00  -.553295742765255E+00  -.391239171710959E+00  0.545387783458220E-03
0.748799846024859E+00  -.432319792671603E+00  -.490675130241327E-01  0.545387783458220E-03
0.209536492056122E+00  -.120975950093652E+00  0.831545856446051E+00  0.545387783458220E-03
0.209536492056122E+00  0.743663635249553E+00  -.391239171710959E+00  0.545387783458220E-03
0.748799846024859E+00  -.190367892484299E+00  -.391239171710959E+00  0.545387783458220E-03
-.653752396945324E+00  -.319332019367163E+00  0.230071697208719E-02  0.208080484012607E-02
-.417180884602520E+00  -.514028748693460E+00  -.301836020783383E+00  0.208080484012607E-02
-.603425839486410E+00  -.133330921188607E+00  -.384018944973515E+00  0.208080484012607E-02
-.236571512342804E+00  -.784725233411325E-01  0.683554248784810E+00  0.208080484012607E-02
0.417180884602520E+00  -.514028748693460E+00  -.301836020783383E+00  0.208080484012607E-02
-.186244954883890E+00  0.589247566889485E+00  -.384018944973515E+00  0.208080484012607E-02
-.503265574589139E-01  0.725832193223200E+00  0.230071697208719E-02  0.208080484012607E-02
0.186244954883890E+00  -.165640677830006E+00  0.683554248784810E+00  0.208080484012607E-02
0.603425839486410E+00  -.133330921188607E+00  -.384018944973515E+00  0.208080484012607E-02
0.653752396945324E+00  -.319332019367163E+00  0.230071697208719E-02  0.208080484012607E-02
0.236571512342804E+00  0.618303618385776E+00  -.301836020783383E+00  0.208080484012607E-02
0.503265574589139E-01  0.244113201171138E+00  0.683554248784810E+00  0.208080484012607E-02
-.603425839486410E+00  -.406500173856037E+00  0.230071697208719E-02  0.208080484012607E-02
-.417180884602520E+00  -.455916645700878E+00  -.384018944973515E+00  0.208080484012607E-02
-.653752396945324E+00  -.104274869692316E+00  -.301836020783383E+00  0.208080484012607E-02
-.186244954883890E+00  -.165640677830006E+00  0.683554248784810E+00  0.208080484012607E-02
0.417180884602520E+00  -.455916645700878E+00  -.384018944973515E+00  0.208080484012607E-02
-.236571512342804E+00  0.618303618385776E+00  -.301836020783383E+00  0.208080484012607E-02
0.603425839486410E+00  -.406500173856037E+00  0.230071697208719E-02  0.208080484012607E-02
0.186244954883890E+00  0.589247566889485E+00  -.384018944973515E+00  0.208080484012607E-02
-.503265574589139E-01  0.244113201171138E+00  0.683554248784810E+00  0.208080484012607E-02
0.503265574589139E-01  0.725832193223200E+00  0.230071697208719E-02  0.208080484012607E-02
0.236571512342804E+00  -.784725233411325E-01  0.683554248784810E+00  0.208080484012607E-02
0.653752396945324E+00  -.104274869692316E+00  -.301836020783383E+00  0.208080484012607E-02
-.472610680248457E+00  -.272861903463339E+00  0.727255859171471E-01  0.542931783597428E-02
-.216917085663469E+00  -.125237137799633E+00  0.490271477404674E+00  0.542931783597428E-02
-.472610680248457E+00  -.223876278640736E-01  -.281498531660910E+00  0.542931783597428E-02
-.216917085663469E+00  0.420486669127045E+00  -.281498531660910E+00  0.542931783597428E-02
0.000000000000000E+00  0.250474275599265E+00  0.490271477404674E+00  0.542931783597428E-02
0.000000000000000E+00  0.545723806926678E+00  0.727255859171471E-01  0.542931783597428E-02
-.255693594584989E+00  -.398099041262972E+00  -.281498531660910E+00  0.542931783597428E-02
0.255693594584989E+00  -.398099041262972E+00  -.281498531660910E+00  0.542931783597428E-02
0.472610680248457E+00  -.272861903463339E+00  0.727255859171471E-01  0.542931783597428E-02
0.216917085663469E+00  -.125237137799633E+00  0.490271477404674E+00  0.542931783597428E-02
0.216917085663469E+00  0.420486669127045E+00  -.281498531660910E+00  0.542931783597428E-02
0.472610680248457E+00  -.223876278640736E-01  -.281498531660910E+00  0.542931783597428E-02
-.527706760721069E+00  -.137193652325942E+00  0.508542302352088E-01  0.330898831910664E-02
-.261935471298520E+00  -.458114765846477E+00  -.146298825938967E+00  0.330898831910664E-02
-.382666568512770E+00  -.815243833883062E-01  -.383148468009319E+00  0.330898831910664E-02
-.265771289422549E+00  0.140348625385704E-01  0.478593063713077E+00  0.330898831910664E-02
0.261935471298520E+00  -.458114765846477E+00  -.146298825938967E+00  0.330898831910664E-02
-.120731097214250E+00  0.372161161205230E+00  -.383148468009319E+00  0.330898831910664E-02
-.145040192208299E+00  0.525604286696213E+00  0.508542302352088E-01  0.330898831910664E-02
0.120731097214250E+00  -.237182119505759E+00  0.478593063713077E+00  0.330898831910664E-02
0.382666568512770E+00  -.815243833883062E-01  -.383148468009319E+00  0.330898831910664E-02
0.527706760721069E+00  -.137193652325942E+00  0.508542302352088E-01  0.330898831910664E-02
0.265771289422549E+00  0.455900155220007E+00  -.146298825938967E+00  0.330898831910664E-02
0.145040192208299E+00  0.223147256967188E+00  0.478593063713077E+00  0.330898831910664E-02
-.382666568512770E+00  -.388410634370271E+00  0.508542302352088E-01  0.330898831910664E-02
-.261935471298520E+00  -.290636777816924E+00  -.383148468009319E+00  0.330898831910664E-02
-.527706760721069E+00  0.221461062647021E-02  -.146298825938967E+00  0.330898831910664E-02
-.120731097214250E+00  -.237182119505759E+00  0.478593063713077E+00  0.330898831910664E-02
0.261935471298520E+00  -.290636777816924E+00  -.383148468009319E+00  0.330898831910664E-02
-.265771289422549E+00  0.455900155220007E+00  -.146298825938967E+00  0.330898831910664E-02
0.382666568512770E+00  -.388410634370271E+00  0.508542302352088E-01  0.330898831910664E-02
0.120731097214250E+00  0.372161161205230E+00  -.383148468009319E+00  0.330898831910664E-02
-.145040192208299E+00  0.223147256967188E+00  0.478593063713077E+00  0.330898831910664E-02
0.145040192208299E+00  0.525604286696213E+00  0.508542302352088E-01  0.330898831910664E-02
0.265771289422549E+00  0.140348625385704E-01  0.478593063713077E+00  0.330898831910664E-02
0.527706760721069E+00  0.221461062647021E-02  -.146298825938967E+00  0.330898831910664E-02
-.356130569681047E+00  -.894578529287893E-01  0.993512150764321E-01  0.700494133176374E-02
-.122769615154383E+00  -.340343090186325E+00  -.117458744273925E+00  0.700494133176374E-02
-.255538058044867E+00  0.577282588501891E-02  -.281725627909672E+00  0.700494133176374E-02
-.233360954526664E+00  -.185767825710996E-01  0.299833157107165E+00  0.700494133176374E-02
0.122769615154383E+00  -.340343090186325E+00  -.117458744273925E+00  0.700494133176374E-02
-.132768442890484E+00  0.218416036958088E+00  -.281725627909672E+00  0.700494133176374E-02
-.100592511636180E+00  0.353147046872406E+00  0.993512150764321E-01  0.700494133176374E-02
0.132768442890484E+00  -.192808123585927E+00  0.299833157107165E+00  0.700494133176374E-02
0.255538058044867E+00  0.577282588501891E-02  -.281725627909672E+00  0.700494133176374E-02
0.356130569681047E+00  -.894578529287893E-01  0.993512150764321E-01  0.700494133176374E-02
0.233360954526664E+00  0.276493150629697E+00  -.117458744273925E+00  0.700494133176374E-02
0.100592511636180E+00  0.211384906157026E+00  0.299833157107165E+00  0.700494133176374E-02
-.255538058044867E+00  -.263689193943616E+00  0.993512150764321E-01  0.700494133176374E-02
-.122769615154383E+00  -.224188862843107E+00  -.281725627909672E+00  0.700494133176374E-02
-.356130569681047E+00  0.638499395566279E-01  -.117458744273925E+00  0.700494133176374E-02
-.132768442890484E+00  -.192808123585927E+00  0.299833157107165E+00  0.700494133176374E-02
0.122769615154383E+00  -.224188862843107E+00  -.281725627909672E+00  0.700494133176374E-02
-.233360954526664E+00  0.276493150629697E+00  -.117458744273925E+00  0.700494133176374E-02
0.255538058044867E+00  -.263689193943616E+00  0.993512150764321E-01  0.700494133176374E-02
0.132768442890484E+00  0.218416036958088E+00  -.281725627909672E+00  0.700494133176374E-02
-.100592511636180E+00  0.211384906157026E+00  0.299833157107165E+00  0.700494133176374E-02
0.100592511636180E+00  0.353147046872406E+00  0.993512150764321E-01  0.700494133176374E-02
0.233360954526664E+00  -.185767825710996E-01  0.299833157107165E+00  0.700494133176374E-02
0.356130569681047E+00  0.638499395566279E-01  -.117458744273925E+00  0.700494133176374E-02
-.132797939333732E+00  -.766709260221576E-01  0.108429063420240E+00  0.123017663984317E-01
-.132797939333732E+00  0.766709260221576E-01  -.108429063420240E+00  0.123017663984317E-01
-.481482486096809E-34  -.153341852044315E+00  -.108429063420240E+00  0.123017663984317E-01
0.000000000000000E+00  0.153341852044315E+00  0.108429063420240E+00  0.123017663984317E-01
0.132797939333732E+00  -.766709260221576E-01  0.108429063420240E+00  0.123017663984317E-01
0.132797939333732E+00  0.766709260221576E-01  -.108429063420240E+00  0.123017663984317E-01
-.402432081866744E+00  0.774877645030868E-01  0.547921237391189E-01  0.382289017976555E-02
0.402432081866744E+00  0.774877645030868E-01  0.547921237391189E-01  0.382289017976555E-02
-.134109668391233E+00  -.387260288446002E+00  0.547921237391189E-01  0.382289017976555E-02
0.268322413475511E+00  0.309772523942915E+00  0.547921237391189E-01  0.382289017976555E-02
-.134109668391233E+00  -.774282531466096E-01  -.383376542638942E+00  0.382289017976555E-02
0.268322413475511E+00  0.154916017649696E+00  0.273792295160704E+00  0.382289017976555E-02
-.268322413475511E+00  0.154916017649696E+00  0.273792295160704E+00  0.382289017976555E-02
-.268322413475511E+00  0.309772523942915E+00  0.547921237391189E-01  0.382289017976555E-02
-.481482486096809E-34  -.309832035299393E+00  0.273792295160704E+00  0.382289017976555E-02
0.134109668391233E+00  -.387260288446002E+00  0.547921237391189E-01  0.382289017976555E-02
-.451389830715758E-34  0.154856506293219E+00  -.383376542638942E+00  0.382289017976555E-02
0.134109668391233E+00  -.774282531466096E-01  -.383376542638942E+00  0.382289017976555E-02
-.228118315185993E+00  0.131704170679717E+00  0.931289121981782E-01  0.911814803787302E-02
-.481482486096809E-34  -.263408341359433E+00  0.931289121981782E-01  0.911814803787302E-02
-.842594350669416E-34  0.240741243048404E-34  -.279386736594535E+00  0.911814803787302E-02
0.228118315185993E+00  0.131704170679717E+00  0.931289121981782E-01  0.911814803787302E-02
-.613840739305090E+00  -.354401116077353E+00  0.159104262230123E+00  0.829247017139351E-03
-.334521665890287E+00  -.193136173851519E+00  0.615230399092298E+00  0.829247017139351E-03
-.613840739305090E+00  0.318712316256858E-01  -.387167330661210E+00  0.829247017139351E-03
-.334521665890287E+00  0.515666058303186E+00  -.387167330661210E+00  0.829247017139351E-03
0.962964972193618E-34  0.386272347703039E+00  0.615230399092298E+00  0.829247017139351E-03
0.481482486096809E-34  0.708802232154706E+00  0.159104262230123E+00  0.829247017139351E-03
-.279319073414803E+00  -.547537289928872E+00  -.387167330661210E+00  0.829247017139351E-03
0.279319073414803E+00  -.547537289928872E+00  -.387167330661210E+00  0.829247017139351E-03
0.613840739305090E+00  -.354401116077353E+00  0.159104262230123E+00  0.829247017139351E-03
0.334521665890287E+00  -.193136173851519E+00  0.615230399092298E+00  0.829247017139351E-03
0.334521665890287E+00  0.515666058303186E+00  -.387167330661210E+00  0.829247017139351E-03
0.613840739305090E+00  0.318712316256858E-01  -.387167330661210E+00  0.829247017139351E-03
-.514585125374660E+00  -.237389180182773E+00  0.227477444669498E+00  0.226602622020610E-02
-.140086360417124E+00  -.513312823415454E+00  -.299638480339905E+00  0.226602622020610E-02
-.462877623309173E+00  0.105484724626163E+00  -.384076477629472E+00  0.226602622020610E-02
-.374498764957537E+00  -.156510282286152E+00  0.456237513299879E+00  0.226602622020610E-02
0.140086360417124E+00  -.513312823415454E+00  -.299638480339905E+00  0.226602622020610E-02
-.322791262892050E+00  0.348121418316026E+00  -.384076477629472E+00  0.226602622020610E-02
-.517075020654871E-01  0.564338381075443E+00  0.227477444669498E+00  0.226602622020610E-02
0.322791262892050E+00  -.246070302996048E+00  0.456237513299879E+00  0.226602622020610E-02
0.462877623309173E+00  0.105484724626163E+00  -.384076477629472E+00  0.226602622020610E-02
0.514585125374660E+00  -.237389180182773E+00  0.227477444669498E+00  0.226602622020610E-02
0.374498764957537E+00  0.377974758552659E+00  -.299638480339905E+00  0.226602622020610E-02
0.517075020654871E-01  0.402580585282200E+00  0.456237513299879E+00  0.226602622020610E-02
-.462877623309173E+00  -.326949200892669E+00  0.227477444669498E+00  0.226602622020610E-02
-.140086360417124E+00  -.453606142942189E+00  -.384076477629472E+00  0.226602622020610E-02
-.514585125374660E+00  0.135338064862795E+00  -.299638480339905E+00  0.226602622020610E-02
-.322791262892050E+00  -.246070302996048E+00  0.456237513299879E+00  0.226602622020610E-02
0.140086360417124E+00  -.453606142942189E+00  -.384076477629472E+00  0.226602622020610E-02
-.374498764957537E+00  0.377974758552659E+00  -.299638480339905E+00  0.226602622020610E-02
0.462877623309173E+00  -.326949200892669E+00  0.227477444669498E+00  0.226602622020610E-02
0.322791262892050E+00  0.348121418316026E+00  -.384076477629472E+00  0.226602622020610E-02
-.517075020654871E-01  0.402580585282200E+00  0.456237513299879E+00  0.226602622020610E-02
0.517075020654871E-01  0.564338381075443E+00  0.227477444669498E+00  0.226602622020610E-02
0.374498764957537E+00  -.156510282286152E+00  0.456237513299879E+00  0.226602622020610E-02
0.514585125374660E+00  0.135338064862795E+00  -.299638480339905E+00  0.226602622020610E-02
-.348962993287332E+00  -.201473878111659E+00  0.284927090889412E+00  0.480108778081889E-02
-.348962993287332E+00  0.201473878111659E+00  -.284927090889412E+00  0.480108778081889E-02
0.240741243048404E-34  -.402947756223317E+00  -.284927090889412E+00  0.480108778081889E-02
-.962964972193618E-34  0.402947756223317E+00  0.284927090889412E+00  0.480108778081889E-02
0.348962993287332E+00  -.201473878111659E+00  0.284927090889412E+00  0.480108778081889E-02
0.348962993287332E+00  0.201473878111659E+00  -.284927090889412E+00  0.480108778081889E-02
-.397364429199338E+00  -.611973567233170E-01  0.264971556332543E+00  0.306215154029311E-02
-.397364429199338E+00  0.229418460164620E+00  -.146021273350514E+00  0.306215154029311E-02
-.251680680166520E+00  -.313529011885271E+00  0.264971556332543E+00  0.306215154029311E-02
-.251680680166520E+00  0.145307908443968E+00  -.383921839314572E+00  0.306215154029311E-02
0.481482486096809E-34  -.458836920329240E+00  -.146021273350514E+00  0.306215154029311E-02
0.421297175334708E-34  -.290615816887937E+00  -.383921839314572E+00  0.306215154029311E-02
-.145683749032818E+00  0.374726368608588E+00  0.264971556332543E+00  0.306215154029311E-02
0.145683749032818E+00  0.374726368608588E+00  0.264971556332543E+00  0.306215154029311E-02
0.251680680166520E+00  -.313529011885271E+00  0.264971556332543E+00  0.306215154029311E-02
0.397364429199338E+00  -.611973567233170E-01  0.264971556332543E+00  0.306215154029311E-02
0.251680680166520E+00  0.145307908443968E+00  -.383921839314572E+00  0.306215154029311E-02
0.397364429199338E+00  0.229418460164620E+00  -.146021273350514E+00  0.306215154029311E-02
-.476263288569043E+00  -.274970737860474E+00  0.388867346738019E+00  0.783172678830455E-03
-.476263288569043E+00  0.274970737860474E+00  -.388867346738019E+00  0.783172678830455E-03
-.722223729145213E-34  -.549941475720947E+00  -.388867346738019E+00  0.783172678830455E-03
0.000000000000000E+00  0.549941475720947E+00  0.388867346738019E+00  0.783172678830455E-03
0.476263288569043E+00  -.274970737860474E+00  0.388867346738019E+00  0.783172678830455E-03
0.476263288569043E+00  0.274970737860474E+00  -.388867346738019E+00  0.783172678830455E-03

