1           1
0.000000000000000E+00  0.000000000000000E+00  0.000000000000000E+00  0.942809104919433E+00

2           4
-.267702858591007E+00  0.593901700619951E-01  -.396942694114215E+00  0.283333877825842E+00
0.151093184153314E+00  0.435408773247631E+00  0.215171925430692E+00  0.262834037547472E+00
-.136769919523739E+00  -.328034111559041E+00  0.295084651993713E+00  0.300844667715365E+00
0.806744930905196E+00  -.340097731428529E+00  -.343037895100255E+00  0.957965218307546E-01

3           6
-.168503718027600E+00  0.191091491627171E+00  -.389626731458516E+00  0.124986343012990E+00
0.278379942753440E-01  -.230493283883966E-01  0.548135066324183E+00  0.211580662651888E+00
-.351221617734345E+00  0.183514402633999E+00  0.514781533034351E-01  0.120742179938062E+00
0.430853246354904E+00  -.247471582318045E+00  -.168331564100703E+00  0.237591647583141E+00
-.467676374796738E+00  -.423525082726438E+00  -.158697307788931E+00  0.132581973801748E+00
0.149283125384843E+00  0.639784768516452E+00  -.108021925305539E+00  0.115326297931605E+00

4          11
-.145961228098000E-01  0.242656457919960E-02  0.709356578010363E+00  0.100379031984669E+00
-.293724489630999E+00  0.176439650676461E+00  0.110886049494113E+00  0.103929838007393E+00
0.323087833715827E+00  -.193207041095656E+00  0.169542639670465E+00  0.146112893225167E+00
-.881965417939657E-01  0.231788427010597E-01  -.201181939132559E+00  0.182349474590257E+00
0.127020366331471E+00  0.545141067721522E+00  0.130950399075932E+00  0.718069013888985E-01
-.441430768809119E+00  -.384822563159018E+00  0.922542967916251E-01  0.748841971416572E-01
0.393941858963343E+00  0.206874467063953E+00  -.311156042619824E+00  0.654969164044456E-01
-.603446971461424E-01  -.457373907492708E+00  -.330221532932237E+00  0.565055526429985E-01
-.891405983460117E-01  0.726809265959946E+00  -.350793173736374E+00  0.522257779321980E-01
0.654521303360376E+00  -.397035624387057E+00  -.297042483395114E+00  0.521122356997903E-01
-.730764225967786E+00  -.266942008864898E+00  -.386103757024185E+00  0.370062859019596E-01

5          14
-.864434374146589E-35  0.411799255490390E-34  0.770436782529672E+00  0.692899101983425E-01
0.408992591748701E+00  -.236131982942675E+00  0.333941052787583E+00  0.401127757667238E-01
-.298802659550368E-34  0.472263965885350E+00  0.333941052787583E+00  0.401127757667238E-01
-.408992591748701E+00  -.236131982942675E+00  0.333941052787583E+00  0.401127757667238E-01
-.805756440298763E-34  -.148536176230811E-35  -.298278869430759E+00  0.106243202381430E+00
-.243543677053202E+00  0.140610007506098E+00  0.994262898102530E-01  0.106243202381430E+00
0.161389350818520E-34  -.281220015012195E+00  0.994262898102530E-01  0.106243202381430E+00
0.243543677053202E+00  0.140610007506098E+00  0.994262898102530E-01  0.106243202381430E+00
0.629058998756435E+00  -.363187382268184E+00  -.256812260843224E+00  0.692899101983425E-01
-.629058998756435E+00  -.363187382268184E+00  -.256812260843224E+00  0.692899101983425E-01
-.183420385336625E-34  0.726374764536369E+00  -.256812260843224E+00  0.692899101983425E-01
0.408992591748701E+00  0.236131982942675E+00  -.333941052787583E+00  0.401127757667238E-01
0.135941515315401E-34  -.472263965885350E+00  -.333941052787583E+00  0.401127757667238E-01
-.408992591748701E+00  0.236131982942675E+00  -.333941052787583E+00  0.401127757667238E-01

6          23
0.491994195152293E-02  -.139223850343090E-01  0.106622826396772E+01  0.668997999278503E-02
0.341505806021950E-01  0.254207383054340E+00  0.631588696703923E+00  0.297073585280541E-01
-.456119832861724E+00  -.311038544744538E+00  0.230026765510698E+00  0.228454778919693E-01
0.214449922976949E+00  -.123490387324972E+00  0.563235163630283E+00  0.460940087010246E-01
-.154069305999595E+00  -.686521447230219E-01  0.620626489628262E+00  0.500003006447635E-01
0.306452540322295E+00  0.181849550192318E+00  0.125468587644291E+00  0.407664026148051E-01
-.130588295951475E-01  -.248889116907339E-01  -.335770592628266E+00  0.632962587913965E-01
0.153524468983810E-01  -.326114310053293E+00  0.114778898592700E+00  0.564001112437462E-01
-.156778448777534E+00  0.252245430100092E+00  0.214059780070552E+00  0.590334973949731E-01
-.397361694050676E+00  -.197715908337849E+00  -.796336180288228E-01  0.606547016723139E-01
0.976488461664947E-02  0.650418429113368E+00  0.586844628157880E-02  0.410974241786236E-01
-.522808798464746E+00  -.663505530412344E-01  0.193427268845628E-02  0.212751165684154E-01
0.556560570221032E+00  -.318669005422011E+00  0.137974025142488E-01  0.439472872633711E-01
0.842308197902346E-01  0.213805982286452E-01  0.319575612691255E-01  0.106159743765513E+00
0.217416609116024E+00  0.459950700499800E+00  -.302723230375316E+00  0.508504190942989E-01
0.321215894522565E+00  -.426005242154505E+00  -.299485560260426E+00  0.469223175896470E-01
-.259364807854540E+00  0.385198021113758E+00  -.282519709925312E+00  0.594595401998126E-01
0.563645476720258E+00  -.111160622782169E+00  -.306814049530041E+00  0.444515924082667E-01
-.641094964462573E+00  -.193431833850761E+00  -.366047360516158E+00  0.240457091337853E-01
-.334415109058215E+00  -.449175869972365E+00  -.310242329274613E+00  0.374428128572143E-01
-.189458838689201E-01  0.901059945993096E+00  -.347395205043690E+00  0.150146867758264E-01
-.821465589619935E+00  -.510986035935518E+00  -.263564524010136E+00  0.982721582393248E-02
0.859741547561565E+00  -.520808514122574E+00  -.360343258536933E+00  0.682714178489490E-02

7          31
-.308252291356292E+00  -.197843287967888E+00  0.655377140534142E+00  0.726734338190252E-02
0.323006856476517E+00  -.116660814480029E+00  0.596321726821282E+00  0.113172845686145E-01
0.179003094309938E-02  0.276022304167127E-02  0.919167034243546E+00  0.218890192214869E-01
-.174985856285022E+00  0.149255307127258E+00  0.516292138739824E+00  0.211296393484513E-01
0.351581822451222E-01  0.322257000983196E+00  0.549210359947022E+00  0.219589545659209E-01
-.114891280250506E+00  0.359815024699800E-01  -.388691765396646E+00  0.257668920553451E-01
0.108024261958047E+00  -.212321108274527E+00  0.513821465706857E+00  0.271493983614293E-01
0.996088601920952E-01  0.337060034616579E+00  -.273250222640217E+00  0.405324589307071E-01
0.255258965717304E+00  0.234593138765271E-01  -.128926642642749E+00  0.497630349509838E-01
0.301897209396454E+00  -.279744081272853E+00  -.336815502815560E+00  0.394457485361051E-01
-.363799525166286E-01  0.678415814779263E+00  0.496515459049995E-01  0.195275396458350E-01
-.197974843267435E+00  -.109926012070685E+00  0.368810136731088E+00  0.568528179398337E-01
0.170554760858719E+00  0.585448114971668E-01  0.324539845033623E+00  0.628959335160185E-01
0.538271457535773E+00  -.332620243815606E+00  0.653099846338948E-01  0.296146969608299E-01
-.582625595155966E+00  -.286639428866960E+00  0.405007368919429E-01  0.266935539461802E-01
-.663882748425514E-01  0.339664373274517E+00  0.433913762115470E-01  0.629225982836805E-01
0.139486545048337E+00  -.307850231836867E+00  -.855418822812704E-02  0.605178217825586E-01
-.252544821156148E+00  -.968770785232078E-01  -.121223434312817E+00  0.776291752087142E-01
-.336417947935678E+00  -.422280930562356E+00  0.224493699213366E-01  0.196789764708347E-01
0.508817409509134E+00  -.460796001465295E-01  -.538915514978018E-01  0.231576825354408E-01
-.399767677129958E+00  0.169411793400157E+00  -.133176911076195E-01  0.210705309566337E-01
0.223357920899763E+00  0.507026392231846E+00  -.399617306009707E-01  0.209118068684088E-01
-.288768983232798E+00  -.432041161224172E+00  -.330437075713885E+00  0.348234171278304E-01
0.243005680598846E+00  0.526215548808249E+00  -.363369754803439E+00  0.157467986731785E-01
-.240245918466879E+00  0.491923965978304E+00  -.318467007553824E+00  0.318630495160644E-01
-.573712249516894E+00  -.745318233435191E-01  -.334800074141430E+00  0.264563344091439E-01
0.553074058634518E+00  -.335502653046674E-02  -.350744403540142E+00  0.198864516836567E-01
0.763216087154036E+00  -.434539428837598E+00  -.312047989157561E+00  0.194127681639795E-01
0.110832352531635E-02  0.883581509323175E+00  -.315533688400763E+00  0.181045858014917E-01
-.766658972551922E+00  -.454032742499626E+00  -.314870223157801E+00  0.170243770602997E-01
0.331437926843703E+00  -.541903403372277E+00  -.310441026876215E+00  0.117984144478737E-01

8          44
-.161177255167057E-01  0.799860011949990E-03  0.114075012048065E+01  0.164537492684163E-02
-.714882723684077E-02  0.172391459500714E+00  0.786069607279346E+00  0.142022590249627E-01
0.458992337208856E+00  -.174471635165123E+00  -.399143091233099E+00  0.931166995910887E-02
-.452099049249418E+00  -.263294162907140E+00  0.353609296024044E+00  0.954963917821770E-02
0.110956035643063E+00  -.629572037600563E-01  0.818940414230147E+00  0.166052594760668E-01
0.182522429364889E+00  0.167838281859336E+00  0.476496271636175E+00  0.147232739272899E-01
-.150748980541997E+00  -.782694187324931E-01  0.762897429508123E+00  0.169600891830956E-01
-.287732473487860E+00  -.123468697478363E+00  -.388005832381779E+00  0.155840375181137E-01
0.368074721237848E+00  -.216987676633974E+00  0.399755369527441E+00  0.212175096969104E-01
0.478815642489051E+00  -.462943730059421E-01  0.114465646499509E+00  0.120673751810601E-01
-.347877936740082E+00  -.129563033616473E+00  0.250917196877864E+00  0.256962017530172E-01
-.354828586873476E-01  -.226810803130748E+00  0.417461557834331E+00  0.304461350293590E-01
0.259165044293404E+00  0.133007144302729E+00  -.274777834511803E+00  0.265737212949259E-01
-.130503737894633E-02  0.491940911589454E+00  0.303192932475321E+00  0.227767066149178E-01
-.349399607082858E-01  0.300199516912220E+00  -.344250352423092E+00  0.303973472066689E-01
-.166046285970730E+00  0.140773645768751E+00  0.397053743418083E+00  0.344597583047876E-01
0.101008552242243E+00  -.225925757531516E+00  -.307089325860143E+00  0.391902084323596E-01
-.358746816360515E+00  -.108319979557346E+00  -.198990439690391E+00  0.368286786026977E-01
-.347306756398568E+00  -.374230473903013E+00  0.152625895856833E-01  0.237013592367042E-01
-.863574112140118E-01  -.147806248208501E+00  -.154235018984515E-03  0.498396504967473E-01
0.290116820177849E+00  -.344951237372675E+00  0.412102600131448E-01  0.308555726168388E-01
0.104209335515010E+00  0.288367114168045E-01  0.324891384827993E+00  0.526016654818039E-01
-.641938745191838E-01  0.255812557085304E+00  -.695790051538877E-01  0.503024507299108E-01
-.201698697211897E+00  0.440436807904118E+00  -.334098756487921E-01  0.255666621871190E-01
0.184617067735640E+00  0.399856860528596E+00  -.130352743154575E-01  0.378055185836362E-01
0.378889395816016E+00  -.995658516281559E-01  -.839032251221256E-01  0.488183008990015E-01
-.481871616316580E+00  -.150974738390971E-01  -.450140403133934E-01  0.214429868939541E-01
0.682171905077817E+00  -.395651861881759E+00  -.745152352274431E-01  0.138780625085617E-01
0.397864229301513E+00  0.225661601324835E+00  -.399393902200914E+00  0.650295821720810E-02
-.697588947015913E+00  -.389965102391845E+00  -.125421045820558E+00  0.160044007025511E-01
0.274296474933630E-02  0.813499823087962E+00  -.141581579520532E+00  0.163946985032242E-01
0.164568786005097E-01  -.445103670029464E+00  -.185824429941080E+00  0.212690556968533E-01
-.461834921478590E+00  -.453564747993794E+00  -.324551242480902E+00  0.221549990680854E-01
0.157509056839710E+00  0.665014546017143E+00  -.331712100150823E+00  0.189945024205322E-01
0.539917520321524E+00  -.467462446997303E+00  -.316815950570112E+00  0.193700473265544E-01
-.140390526208973E+00  0.701265398375963E+00  -.337215023915009E+00  0.168751551966824E-01
0.445339657003788E-01  -.510724184730913E+00  -.395001367051171E+00  0.709100903120238E-02
-.423436030210435E+00  0.226332499768761E+00  -.333644400603587E+00  0.206706169070220E-01
-.721417637689404E+00  -.272715517063636E+00  -.351939297000166E+00  0.129502114310540E-01
0.727811871619034E+00  -.286162780307073E+00  -.322616758291581E+00  0.145083664453767E-01
0.490189077970135E+00  0.185630652333263E+00  -.278004232570756E+00  0.111868266669001E-01
-.875888735250778E+00  -.556637467888742E+00  -.372057779910459E+00  0.240124099896058E-02
0.763237720561967E-02  0.105605694666911E+01  -.397275100897422E+00  0.196017985968288E-02
0.931743114716919E+00  -.566424712470592E+00  -.382107361679063E+00  0.142736150286533E-02

9          56
0.872382462877676E-02  0.486853790853409E-02  0.101216079214706E+01  0.732031748477449E-02
-.146058672736873E+00  -.104285732261269E+00  0.827024228429756E+00  0.627414752549201E-02
-.295215822773431E-01  0.236253289960548E+00  0.771563820130603E+00  0.593846048483771E-02
0.776887428553212E-02  0.956608116657439E+00  -.337840968976256E+00  0.720623294344892E-02
-.632181642034281E+00  -.491832093423962E+00  -.373060696818590E+00  0.604026636680512E-02
-.432182630820676E-01  0.820094914111633E+00  -.442801457320108E-01  0.499177873465528E-02
-.170217905048257E+00  0.721571712292500E+00  -.349310440577807E+00  0.810600601394408E-02
0.522419618216181E+00  -.297177571314616E+00  0.284381905546811E+00  0.569112679413337E-02
0.838057050363278E+00  -.484171994126812E+00  -.358829742212543E+00  0.531943428286528E-02
0.754568695225441E+00  -.426415690510912E+00  -.146309021613698E+00  0.620595418067305E-02
-.423499723069882E+00  0.306078208787625E+00  -.353554280562016E+00  0.796845291837577E-02
-.229380116493817E+00  -.675077248198111E-03  0.648237467581097E+00  0.709274650697049E-02
0.203711908173150E+00  0.651948215003306E+00  -.355969531385636E+00  0.965484110921866E-02
0.526284607236614E+00  -.524981066282757E+00  -.338156555759496E+00  0.688656272413685E-02
-.842839155025768E+00  -.469419166763405E+00  -.329966609112658E+00  0.626395245176965E-02
-.122425567679975E-01  0.532989845635069E+00  -.361931819892179E+00  0.156352979532570E-01
-.675533106807728E+00  -.160245681492357E+00  -.359290090345337E+00  0.869954165841037E-02
0.187437260779621E+00  -.119601877694252E+00  0.725287999946867E+00  0.126003449966925E-01
0.131930797459911E+00  0.135394818989230E+00  0.636862280446483E+00  0.121425189673655E-01
-.319421331396713E+00  -.500670191526628E+00  -.299164568677512E+00  0.103790497616095E-01
0.231940406830294E-01  0.486009434476932E+00  0.329115915934252E+00  0.157941211287956E-01
-.408123769838470E+00  -.248620410060349E+00  0.374965593663780E+00  0.127111783877695E-01
-.156151571491493E+00  0.348565419896482E+00  0.276787126982521E+00  0.143052310711867E-01
0.402623540619120E-01  -.486017787136692E+00  -.403493346668883E+00  0.665397928770667E-02
0.433653351398927E+00  0.181912354987061E+00  -.368277314513401E+00  0.128326410622076E-01
0.683292133474460E+00  -.192947372076536E+00  -.334207570170693E+00  0.113736760836400E-01
-.645311072641020E+00  -.276159527040842E+00  -.884014589628559E-02  0.920089772435394E-02
-.396437326700938E+00  -.236955629804275E+00  -.383230484441518E+00  0.127787861095511E-01
-.647892652443547E+00  -.447197838349897E+00  -.749821349206851E-01  0.739823325002384E-02
0.249095923033082E+00  -.305690893527877E+00  0.260228094165020E+00  0.166125187942451E-01
-.548769268138628E-01  -.172429416591870E+00  0.538389086283854E+00  0.222338117554736E-01
0.391196156262198E+00  0.284139401722842E+00  -.183768589390913E+00  0.116349748921346E-01
0.884903819275368E-01  0.658982809345541E+00  -.991369518819017E-01  0.205009519617398E-01
0.559012521325565E+00  -.144504695380428E+00  -.456560769357794E-01  0.151892810658265E-01
-.155866376311642E+00  -.391706376942761E+00  0.976197979348718E-01  0.103781863974795E-01
-.406302678608192E+00  0.161095551423934E+00  -.107501445729855E+00  0.178832149343794E-01
0.134053594917839E+00  0.527479227926713E-01  -.373656363437304E+00  0.192747213722866E-01
-.547567277406173E+00  -.177136989498405E+00  -.201860303658579E+00  0.195790717876086E-01
0.128313979019744E+00  -.448936635365170E+00  -.198872625046397E+00  0.183658641618274E-01
-.340348371005217E-01  0.785563051304014E-01  0.574394362549343E+00  0.286583537106368E-01
-.270135465037239E+00  0.174868181509353E+00  -.342691226121676E+00  0.229273759248852E-01
-.268356624988096E+00  -.244158404870901E+00  0.134473446321249E+00  0.261644196447788E-01
-.198395829374080E-01  0.249883650087428E+00  0.150791106123277E+00  0.342884061850346E-01
0.448922491856127E+00  -.305674157881000E+00  -.346968480523456E+00  0.210493411136765E-01
-.412677802764835E+00  -.340113144099861E+00  -.163682374681955E+00  0.243681192243843E-01
0.806871321691971E-01  -.255070845979150E+00  -.325424650570091E-01  0.293976131828524E-01
0.329798091608531E+00  -.978024231818543E-01  0.324637637719602E+00  0.250281273602053E-01
-.145939339502547E+00  0.522485642411365E+00  -.126015466500720E+00  0.277735596705523E-01
0.500662690056957E+00  -.373803408938112E+00  -.783414520225263E-01  0.221549929014966E-01
0.224804286950976E+00  0.236299563869665E+00  0.160512735053178E+00  0.274146441350530E-01
-.359378541419723E-01  -.236463348624288E+00  -.298495907704201E+00  0.306883792007639E-01
0.744855381442337E-01  -.765173231867442E-01  0.215047263267714E+00  0.363113714370261E-01
-.312106924438369E+00  -.113256788975433E-01  0.225356498394642E+00  0.309821024618043E-01
0.128761592374593E+00  0.312327421197568E+00  -.202544172563073E+00  0.343769555099299E-01
0.327219790803258E+00  -.498428341686501E-01  -.139711764160060E+00  0.402111152134959E-01
-.160116259381340E+00  0.441336599590888E-01  -.118687177486985E+00  0.458958529551858E-01

10          74
0.413547269427180E+00  -.246748372854820E+00  -.224886936398656E-01  0.194871835707056E-01
0.691672452115879E-02  0.481516627417036E+00  -.224886936398656E-01  0.194871835707056E-01
-.420463993948339E+00  -.234768254562216E+00  -.224886936398656E-01  0.194871835707056E-01
0.121255775181918E+00  -.364564976315843E+00  -.367507533317509E+00  0.116776259953685E-01
0.255094643228633E+00  0.287293069821037E+00  -.367507533317509E+00  0.116776259953685E-01
-.376350418410551E+00  0.772719064948055E-01  -.367507533317509E+00  0.116776259953685E-01
-.954508303629435E-01  -.556622137562362E-01  0.916918630120545E+00  0.624041772229743E-02
0.959303063252519E-01  -.548317370285100E-01  0.916918630120545E+00  0.624041772229743E-02
-.479475962308472E-03  0.110493950784746E+00  0.916918630120545E+00  0.624041772229743E-02
0.290239843633514E+00  -.528583162114937E+00  -.355329457339498E+00  0.578828982954536E-02
0.312646524587487E+00  0.515646658834514E+00  -.355329457339498E+00  0.578828982954536E-02
-.602886368221000E+00  0.129365032804224E-01  -.355329457339498E+00  0.578828982954536E-02
0.154847248565404E+00  -.296455670798080E+00  -.198343146504779E+00  0.239543679252362E-01
0.179314517724392E+00  0.282329486362804E+00  -.198343146504779E+00  0.239543679252362E-01
-.334161766289796E+00  0.141261844352765E-01  -.198343146504779E+00  0.239543679252362E-01
-.131086592553846E-01  -.455082452149117E+00  -.144780901514836E+00  0.118500415185319E-01
0.400667294005344E+00  0.216188794149842E+00  -.144780901514836E+00  0.118500415185319E-01
-.387558634749960E+00  0.238893657999276E+00  -.144780901514836E+00  0.118500415185319E-01
-.629426742999842E+00  -.497302856589551E+00  -.354235921814611E+00  0.658558362079965E-02
0.745390278681041E+00  -.296448120964387E+00  -.354235921814611E+00  0.658558362079965E-02
-.115963535681199E+00  0.793750977553938E+00  -.354235921814611E+00  0.658558362079965E-02
-.464314544363491E+00  -.437251859154294E+00  -.125140563255873E+00  0.123964473209022E-01
0.610828490061339E+00  -.183482261188233E+00  -.125140563255873E+00  0.123964473209022E-01
-.146513945697848E+00  0.620734120342527E+00  -.125140563255873E+00  0.123964473209022E-01
0.456554162682552E+00  -.439889604851118E+00  -.138699364603202E+00  0.129235381509363E-01
0.152678491320491E+00  0.615332305512183E+00  -.138699364603202E+00  0.129235381509363E-01
-.609232654003043E+00  -.175442700661064E+00  -.138699364603202E+00  0.129235381509363E-01
-.235016744650394E+00  -.506024522469509E+00  -.354913131206246E+00  0.861519089595255E-02
0.555738463721681E+00  0.494817900527927E-01  -.354913131206246E+00  0.861519089595255E-02
-.320721719071287E+00  0.456542732416716E+00  -.354913131206246E+00  0.861519089595255E-02
-.263293534191652E-01  -.286991134359436E+00  0.865807624026753E-01  0.252937006317834E-01
0.261706289725768E+00  0.120693678253503E+00  0.865807624026753E-01  0.252937006317834E-01
-.235376936306602E+00  0.166297456105934E+00  0.865807624026753E-01  0.252937006317834E-01
-.249134257642899E+00  -.319209907547618E+00  0.259779648378121E+00  0.105998611108524E-01
0.401011017897368E+00  -.561516422979191E-01  0.259779648378121E+00  0.105998611108524E-01
-.151876760254469E+00  0.375361549845537E+00  0.259779648378121E+00  0.105998611108524E-01
0.210857898880769E+00  -.130935834650600E+00  0.263035710759212E+00  0.264847338839637E-01
0.796480963275412E-02  0.248076214344656E+00  0.263035710759212E+00  0.264847338839637E-01
-.218822708513523E+00  -.117140379694056E+00  0.263035710759212E+00  0.264847338839637E-01
0.577947714234416E+00  -.411345845748534E+00  -.345384931036793E+00  0.117885519252807E-01
0.672620950422176E-01  0.706190325460421E+00  -.345384931036793E+00  0.117885519252807E-01
-.645209809276634E+00  -.294844479711887E+00  -.345384931036793E+00  0.117885519252807E-01
-.271758409360425E+00  -.285880028643136E+00  -.232795982644218E+00  0.257596602146109E-01
0.383458571919791E+00  -.924096718766112E-01  -.232795982644218E+00  0.257596602146109E-01
-.111700162559366E+00  0.378289700519747E+00  -.232795982644218E+00  0.257596602146109E-01
0.235372471619931E+00  -.326341921636044E+00  0.241547937190454E+00  0.111412277362346E-01
0.164934158646679E+00  0.367009500592414E+00  0.241547937190454E+00  0.111412277362346E-01
-.400306630266610E+00  -.406675789563702E-01  0.241547937190454E+00  0.111412277362346E-01
0.781381382188411E+00  -.452646282957719E+00  -.213297663469095E+00  0.673995338630876E-02
0.131248887577823E-02  0.903019268498221E+00  -.213297663469095E+00  0.673995338630876E-02
-.782693871064189E+00  -.450372985540502E+00  -.213297663469095E+00  0.673995338630876E-02
-.179426395481769E-02  -.168046463077812E+00  0.605598301260160E+00  0.157134246063237E-01
0.146429638018918E+00  0.824693533729393E-01  0.605598301260160E+00  0.157134246063237E-01
-.144635374064100E+00  0.855771097048730E-01  0.605598301260160E+00  0.157134246063237E-01
0.566277593620646E+00  -.329064210921249E+00  0.141429189997384E+00  0.959363870270748E-02
0.183916932375941E-02  0.654942887130025E+00  0.141429189997384E+00  0.959363870270748E-02
-.568116762944406E+00  -.325878676208776E+00  0.141429189997384E+00  0.959363870270748E-02
0.302199007601379E+00  -.176736705703734E+00  0.559373410157553E+00  0.107406090783624E-01
0.195897311991803E-02  0.350080370433108E+00  0.559373410157553E+00  0.107406090783624E-01
-.304157980721297E+00  -.173343664729374E+00  0.559373410157553E+00  0.107406090783624E-01
-.307551103674621E+00  -.259968618848167E+00  -.396100571418431E+00  0.774241452373017E-02
0.378914979946577E+00  -.136362759320080E+00  -.396100571418431E+00  0.774241452373017E-02
-.713638762719561E-01  0.396331378168247E+00  -.396100571418431E+00  0.774241452373017E-02
-.908168532403471E+00  -.561121614647120E+00  -.395069910325769E+00  0.745208041481048E-03
0.940029839098684E+00  -.505936212655477E+00  -.395069910325769E+00  0.745208041481048E-03
-.318613066952130E-01  0.106705782730260E+01  -.395069910325769E+00  0.745208041481048E-03
0.770424844038265E+00  -.560034507302068E+00  -.377946874247787E+00  0.159494369478301E-02
0.997916883003607E-01  0.947224740294835E+00  -.377946874247787E+00  0.159494369478301E-02
-.870216532338625E+00  -.387190232992767E+00  -.377946874247787E+00  0.159494369478301E-02
0.000000000000000E+00  0.000000000000000E+00  -.346465729933161E-01  0.439165810521126E-01
0.000000000000000E+00  0.000000000000000E+00  0.120107726129104E+01  0.359685041754390E-03
0.000000000000000E+00  0.000000000000000E+00  0.407276980296476E+00  0.111429684769749E-01
0.000000000000000E+00  0.000000000000000E+00  -.334146406823631E+00  0.263148489207781E-01
0.000000000000000E+00  0.000000000000000E+00  0.570323970543725E+00  0.107051791677194E-01

11          95
0.613064433825221E+00  -.465363144309832E+00  -.186787419729552E+00  0.599618875699940E-02
0.964840880447074E-01  0.763610946004281E+00  -.186787419729552E+00  0.599618875699940E-02
-.709548521869929E+00  -.298247801694450E+00  -.186787419729552E+00  0.599618875699940E-02
-.461495965335812E+00  -.271747826131988E+00  0.419414431225522E+00  0.137077956882769E-02
0.466088503521404E+00  -.263793316658842E+00  0.419414431225522E+00  0.137077956882769E-02
-.459253818559192E-02  0.535541142790830E+00  0.419414431225522E+00  0.137077956882769E-02
0.248243380897268E-01  -.386057669947538E+00  0.502243278953602E-01  0.918994718242648E-02
0.321923580455533E+00  0.214527342391606E+00  0.502243278953602E-01  0.918994718242648E-02
-.346747918545259E+00  0.171530327555932E+00  0.502243278953602E-01  0.918994718242648E-02
-.536941854731257E+00  -.456182300166503E+00  -.150881659686044E+00  0.663993537904254E-02
0.663536388066638E+00  -.236914136469151E+00  -.150881659686044E+00  0.663993537904254E-02
-.126594533335381E+00  0.693096436635653E+00  -.150881659686044E+00  0.663993537904254E-02
-.236665920308111E+00  -.246635033201167E+00  -.172758802528024E+00  0.185351229357955E-01
0.331925164369484E+00  -.816411825962637E-01  -.172758802528024E+00  0.185351229357955E-01
-.952592440613738E-01  0.328276215797431E+00  -.172758802528024E+00  0.185351229357955E-01
-.785469828991847E+00  -.462669824649126E+00  -.170833617287234E+00  0.298197448555715E-02
0.793418736206558E+00  -.448901913488596E+00  -.170833617287234E+00  0.298197448555715E-02
-.794890721471075E-02  0.911571738137721E+00  -.170833617287234E+00  0.298197448555715E-02
-.315450921288100E+00  -.355003272027976E+00  0.764418358089274E-01  0.110221665559152E-01
0.465167312646875E+00  -.956868754687123E-01  0.764418358089274E-01  0.110221665559152E-01
-.149716391358775E+00  0.450690147496688E+00  0.764418358089274E-01  0.110221665559152E-01
0.287485935468556E+00  -.300568203437829E+00  -.372174810203493E+00  0.105646685387915E-01
0.116556732012732E+00  0.399254225065418E+00  -.372174810203493E+00  0.105646685387915E-01
-.404042667481287E+00  -.986860216275885E-01  -.372174810203493E+00  0.105646685387915E-01
-.921325197308790E-01  -.555444065358626E-01  0.934079183497915E+00  0.409937860187453E-02
0.941691269636269E-01  -.520168993336810E-01  0.934079183497915E+00  0.409937860187453E-02
-.203660723274789E-02  0.107561305869544E+00  0.934079183497915E+00  0.409937860187453E-02
0.346902543676340E+00  -.394491931562005E+00  -.364704520914126E-01  0.117401062185497E-01
0.168188762482518E+00  0.497672381242154E+00  -.364704520914126E-01  0.117401062185497E-01
-.515091306158858E+00  -.103180449680149E+00  -.364704520914126E-01  0.117401062185497E-01
-.702234500232069E+00  -.537567363022759E+00  -.353585081181793E+00  0.249542941569890E-02
0.816664242739155E+00  -.339369235103462E+00  -.353585081181793E+00  0.249542941569890E-02
-.114429742507086E+00  0.876936598126221E+00  -.353585081181793E+00  0.249542941569890E-02
-.160991042894053E+00  -.445231863459850E+00  -.192684887847397E+00  0.121567946056514E-01
0.466077625777541E+00  0.831935988019246E-01  -.192684887847397E+00  0.121567946056514E-01
-.305086582883488E+00  0.362038264657925E+00  -.192684887847397E+00  0.121567946056514E-01
0.210355402825429E+00  -.499012459736445E+00  -.281991115647587E+00  0.783450310439668E-02
0.326979765524006E+00  0.431679352538353E+00  -.281991115647587E+00  0.783450310439668E-02
-.537335168349435E+00  0.673331071980917E-01  -.281991115647587E+00  0.783450310439668E-02
-.580261832342152E+00  -.409071974679881E+00  -.388808261551047E+00  0.485260956448151E-02
0.644397638220118E+00  -.297985500314870E+00  -.388808261551047E+00  0.485260956448151E-02
-.641358058779660E-01  0.707057474994751E+00  -.388808261551047E+00  0.485260956448151E-02
0.246446852694871E+00  -.148626226653810E+00  0.665219700457940E+00  0.596982199840635E-02
0.549066160338750E-02  0.287742348443384E+00  0.665219700457940E+00  0.596982199840635E-02
-.251937514298258E+00  -.139116121789575E+00  0.665219700457940E+00  0.596982199840635E-02
0.985256790608741E-02  -.206051267629270E+00  0.171913700793448E-01  0.260160491216498E-01
0.173519348295891E+00  0.111558207913818E+00  0.171913700793448E-01  0.260160491216498E-01
-.183371916201978E+00  0.944930597154522E-01  0.171913700793448E-01  0.260160491216498E-01
0.204486384420767E+00  -.319947685470538E+00  -.227687907676024E+00  0.188893706067944E-01
0.174839631289136E+00  0.337064246371683E+00  -.227687907676024E+00  0.188893706067944E-01
-.379326015709903E+00  -.171165609011454E-01  -.227687907676024E+00  0.188893706067944E-01
0.334350195005629E+00  -.205330437713782E+00  0.809485905491872E-01  0.204406247375860E-01
0.106462777274989E-01  0.392220981492046E+00  0.809485905491872E-01  0.204406247375860E-01
-.344996472733128E+00  -.186890543778265E+00  0.809485905491872E-01  0.204406247375860E-01
-.823482792205430E-03  -.242285945529079E+00  0.340252723331368E+00  0.163985817470928E-01
0.210237525204218E+00  0.120429815746910E+00  0.340252723331368E+00  0.163985817470928E-01
-.209414042412013E+00  0.121856129782169E+00  0.340252723331368E+00  0.163985817470928E-01
-.326964996182623E+00  -.517863827066809E+00  -.354863304370676E+00  0.573073334984996E-02
0.611965728032200E+00  -.242280793090289E-01  -.354863304370676E+00  0.573073334984996E-02
-.285000731849577E+00  0.542091906375838E+00  -.354863304370676E+00  0.573073334984996E-02
-.216637556363971E+00  -.127561798227514E+00  0.421384150601448E+00  0.164029279672023E-01
0.218790535999437E+00  -.123832728111225E+00  0.421384150601448E+00  0.164029279672023E-01
-.215297963546664E-02  0.251394526338739E+00  0.421384150601448E+00  0.164029279672023E-01
-.557481781750939E+00  -.345179776762090E+00  -.243159967456413E+00  0.142991127490168E-01
0.577675346424081E+00  -.310203496762280E+00  -.243159967456413E+00  0.142991127490168E-01
-.201935646731422E-01  0.655383273524370E+00  -.243159967456413E+00  0.142991127490168E-01
-.307479374292106E-02  -.166670937759280E+00  0.693768120422708E+00  0.679487855196789E-02
0.145878663043572E+00  0.806726193868727E-01  0.693768120422708E+00  0.679487855196789E-02
-.142803869300651E+00  0.859983183724069E-01  0.693768120422708E+00  0.679487855196789E-02
-.158297580769018E+00  -.319179725905181E+00  -.354780638623370E+00  0.146949515904147E-01
0.355566541391350E+00  0.225001366490015E-01  -.354780638623370E+00  0.146949515904147E-01
-.197268960622332E+00  0.296679589256179E+00  -.354780638623370E+00  0.146949515904147E-01
0.305851050903248E+00  -.300106701122905E+00  0.327225083119273E+00  0.680029370768185E-02
0.106974501566756E+00  0.414928130417833E+00  0.327225083119273E+00  0.680029370768185E-02
-.412825552470004E+00  -.114821429294927E+00  0.327225083119273E+00  0.680029370768185E-02
-.300364714771685E+00  -.288150014328686E+00  0.379678093414345E+00  0.483310495267537E-02
0.399727589895335E+00  -.116048466228403E+00  0.379678093414345E+00  0.483310495267537E-02
-.993628751236497E-01  0.404198480557090E+00  0.379678093414345E+00  0.483310495267537E-02
0.867747485659329E+00  -.515107790606799E+00  -.362637005062542E+00  0.263575939604865E-02
0.122226895230984E-01  0.100904526195445E+01  -.362637005062542E+00  0.263575939604865E-02
-.879970175182428E+00  -.493937471347653E+00  -.362637005062542E+00  0.263575939604865E-02
0.571872558545555E+00  -.507416290215695E+00  -.365702728339500E+00  0.572387940510252E-02
0.153499118348071E+00  0.748964308535502E+00  -.365702728339500E+00  0.572387940510252E-02
-.725371676893626E+00  -.241548018319807E+00  -.365702728339500E+00  0.572387940510252E-02
0.576143754941756E+00  -.335204983724817E+00  0.105782065759201E+00  0.852548590299462E-02
0.222415390996298E-02  0.666557619873725E+00  0.105782065759201E+00  0.852548590299462E-02
-.578367908851718E+00  -.331352636148908E+00  0.105782065759201E+00  0.852548590299462E-02
0.938545477757034E-01  -.515900504661326E+00  -.401580285203814E+00  0.307786467554028E-02
0.399855668974069E+00  0.339230674965122E+00  -.401580285203814E+00  0.307786467554028E-02
-.493710216749772E+00  0.176669829696204E+00  -.401580285203814E+00  0.307786467554028E-02
0.000000000000000E+00  0.000000000000000E+00  0.111814830476669E+01  0.105019855823516E-02
0.000000000000000E+00  0.000000000000000E+00  0.666134876486297E+00  0.169869066304447E-01
0.000000000000000E+00  0.000000000000000E+00  -.380952248563926E+00  0.109824601678390E-01
0.000000000000000E+00  0.000000000000000E+00  -.225319552738836E+00  0.280774193756282E-01
0.000000000000000E+00  0.000000000000000E+00  0.259879463550134E+00  0.255729840651886E-01

12         120
-.209854163170649E-01  -.484432357342841E-01  0.107301295179205E+01  0.955635996365045E-03
0.524457809459406E-01  0.604771422757133E-02  0.107301295179205E+01  0.955635996365045E-03
-.314603646288756E-01  0.423955215067127E-01  0.107301295179205E+01  0.955635996365045E-03
-.844040249524679E+00  -.478065422718374E+00  -.218343972081627E+00  0.130804981863066E-02
0.836036925507398E+00  -.491927586545742E+00  -.218343972081627E+00  0.130804981863066E-02
0.800332401728139E-02  0.969993009264116E+00  -.218343972081627E+00  0.130804981863066E-02
-.993821916131253E-01  0.396052489539490E-01  0.860681946863588E+00  0.269256401524528E-02
0.153919440892358E-01  -.105870127097714E+00  0.860681946863588E+00  0.269256401524528E-02
0.839902475238896E-01  0.662648781437648E-01  0.860681946863588E+00  0.269256401524528E-02
-.220440500926773E+00  -.574086112234347E+00  -.404148618499395E+00  0.763882740722923E-03
0.607393407618175E+00  0.961359822916209E-01  -.404148618499395E+00  0.763882740722923E-03
-.386952906691402E+00  0.477950129942726E+00  -.404148618499395E+00  0.763882740722923E-03
-.825703221088785E+00  -.321012887617196E+00  -.360905139242769E+00  0.154408919127477E-02
0.690856926163083E+00  -.554573521640929E+00  -.360905139242769E+00  0.154408919127477E-02
0.134846294925702E+00  0.875586409258125E+00  -.360905139242769E+00  0.154408919127477E-02
-.889134223441312E+00  -.517629358424325E+00  -.372483506360479E+00  0.171701646941956E-02
0.892847285860762E+00  -.511198145662163E+00  -.372483506360479E+00  0.171701646941956E-02
-.371306241944983E-02  0.102882750408649E+01  -.372483506360479E+00  0.171701646941956E-02
-.175060256928779E+00  -.998426624511166E-01  0.838257614212221E+00  0.295850597504720E-02
0.173996410528531E+00  -.101685298467795E+00  0.838257614212221E+00  0.295850597504720E-02
0.106384640024782E-02  0.201527960918912E+00  0.838257614212221E+00  0.295850597504720E-02
-.606810891351589E+00  0.131631111902744E-01  -.378230723533396E+00  0.314316727791070E-02
0.292005856992178E+00  -.532095202798692E+00  -.378230723533396E+00  0.314316727791070E-02
0.314805034359411E+00  0.518932091608418E+00  -.378230723533396E+00  0.314316727791070E-02
-.728592407439089E+00  -.314985752927408E+00  -.150952326133712E+00  0.311338848993961E-02
0.637081867584849E+00  -.473486657383009E+00  -.150952326133712E+00  0.311338848993961E-02
0.915105398542403E-01  0.788472410310417E+00  -.150952326133712E+00  0.311338848993961E-02
-.653210145039868E+00  -.526624476182620E+00  -.366336543447777E+00  0.312954001537765E-02
0.782675247148756E+00  -.302384341522934E+00  -.366336543447777E+00  0.312954001537765E-02
-.129465102108888E+00  0.829008817705553E+00  -.366336543447777E+00  0.312954001537765E-02
-.361278904024548E+00  -.513651615308140E+00  -.276917884926156E+00  0.381993733330497E-02
0.625474799564035E+00  -.560509010825882E-01  -.276917884926156E+00  0.381993733330497E-02
-.264195895539488E+00  0.569702516390729E+00  -.276917884926156E+00  0.381993733330497E-02
-.383806292594496E+00  -.217815374016554E+00  0.492908678572988E+00  0.410546395747155E-02
0.380536793530392E+00  -.223478312510880E+00  0.492908678572988E+00  0.410546395747155E-02
0.326949906410342E-02  0.441293686527434E+00  0.492908678572988E+00  0.410546395747155E-02
-.422953967641668E+00  -.147861905252978E-01  -.394238511027311E+00  0.476166180819512E-02
0.224282200440939E+00  -.358895785346457E+00  -.394238511027311E+00  0.476166180819512E-02
0.198671767200730E+00  0.373681975871755E+00  -.394238511027311E+00  0.476166180819512E-02
-.686566696076692E+00  -.320032117531308E+00  -.386325131048058E+00  0.418572574847504E-02
0.620439291847385E+00  -.434568141429111E+00  -.386325131048058E+00  0.418572574847504E-02
0.661274042293063E-01  0.754600258960419E+00  -.386325131048058E+00  0.418572574847504E-02
-.389340839745454E+00  -.327099277008759E+00  0.253063655020034E+00  0.462986188162643E-02
0.477946703321836E+00  -.173629419445949E+00  0.253063655020034E+00  0.462986188162643E-02
-.886058635763819E-01  0.500728696454709E+00  0.253063655020034E+00  0.462986188162643E-02
-.672784000466820E+00  -.484765907754618E+00  -.156692626857128E+00  0.267947225522469E-02
0.756211591237533E+00  -.340265081786679E+00  -.156692626857128E+00  0.267947225522469E-02
-.834275907707132E-01  0.825030989541297E+00  -.156692626857128E+00  0.267947225522469E-02
-.456597433648037E+00  0.200014055654998E+00  -.235669579958928E+00  0.521267262674023E-02
0.550814635128363E-01  -.495432004669479E+00  -.235669579958928E+00  0.521267262674023E-02
0.401515970135201E+00  0.295417949014481E+00  -.235669579958928E+00  0.521267262674023E-02
-.621228592643803E+00  -.352785474001391E+00  0.992503251767005E-01  0.433695276527952E-02
0.616135478893241E+00  -.361607005786093E+00  0.992503251767005E-01  0.433695276527952E-02
0.509311375056277E-02  0.714392479787484E+00  0.992503251767005E-01  0.433695276527952E-02
-.419893360196485E+00  -.421340045823864E+00  -.401364023782827E+00  0.344600925661925E-02
0.574837863413408E+00  -.152968293898633E+00  -.401364023782827E+00  0.344600925661925E-02
-.154944503216924E+00  0.574308339722498E+00  -.401364023782827E+00  0.344600925661925E-02
-.515998135854013E+00  -.611479033978911E-01  -.643722879642251E-02  0.617840008227325E-02
0.310954705657737E+00  -.416293542256044E+00  -.643722879642251E-02  0.617840008227325E-02
0.205043430196276E+00  0.477441445653935E+00  -.643722879642251E-02  0.617840008227325E-02
-.998656218320643E-01  -.818301689332265E-02  0.474200368398089E+00  0.108832521952601E-01
0.570195114252468E-01  -.823946570246362E-01  0.474200368398089E+00  0.108832521952601E-01
0.428461104068175E-01  0.905776739179589E-01  0.474200368398089E+00  0.108832521952601E-01
-.687013498147035E+00  -.401403873744331E+00  -.265966269174224E+00  0.739027318079557E-02
0.691132700913590E+00  -.394269205265980E+00  -.265966269174224E+00  0.739027318079557E-02
-.411920276655448E-02  0.795673079010312E+00  -.265966269174224E+00  0.739027318079557E-02
-.355139233243464E+00  0.301998737930635E+00  -.352732044250883E+00  0.788823225210160E-02
-.839689623370373E-01  -.458558966834684E+00  -.352732044250883E+00  0.788823225210160E-02
0.439108195580501E+00  0.156560228904049E+00  -.352732044250883E+00  0.788823225210160E-02
-.231423236344857E+00  -.226834316991919E-01  0.567545380836700E+00  0.872505767250587E-02
0.135356046268938E+00  -.189076685851060E+00  0.567545380836700E+00  0.872505767250587E-02
0.960671900759189E-01  0.211760117550252E+00  0.567545380836700E+00  0.872505767250587E-02
-.355719041915041E+00  -.401631417031653E+00  -.291959660660311E-01  0.894800620450272E-02
0.525682531064874E+00  -.107246018392461E+00  -.291959660660311E-01  0.894800620450272E-02
-.169963489149833E+00  0.508877435424113E+00  -.291959660660311E-01  0.894800620450272E-02
-.269495522541196E+00  0.188182026634222E+00  0.287221163649429E+00  0.535861455762167E-02
-.282226543302779E-01  -.327480982043948E+00  0.287221163649429E+00  0.535861455762167E-02
0.297718176871474E+00  0.139298955409727E+00  0.287221163649429E+00  0.535861455762167E-02
-.430565912919937E+00  -.148544160757145E+00  0.249767859091681E+00  0.957230295135681E-02
0.343925973259496E+00  -.298608938213731E+00  0.249767859091681E+00  0.957230295135681E-02
0.866399396604413E-01  0.447153098970876E+00  0.249767859091681E+00  0.957230295135681E-02
-.116609593749976E+00  -.187149172544546E+00  -.374499046916005E+00  0.103320970668105E-01
0.220380734595802E+00  -.741228424018921E-02  -.374499046916005E+00  0.103320970668105E-01
-.103771140845826E+00  0.194561456784736E+00  -.374499046916005E+00  0.103320970668105E-01
-.144049335468010E+00  -.177412714321249E+00  0.588988658999137E+00  0.947175908607835E-02
0.225668585290558E+00  -.360440267529392E-01  0.588988658999137E+00  0.947175908607835E-02
-.816192498225479E-01  0.213456741074188E+00  0.588988658999137E+00  0.947175908607835E-02
-.385964384069518E+00  -.390971162526180E+00  -.256520960583056E+00  0.117324839908422E-01
0.531573150929566E+00  -.138769380297126E+00  -.256520960583056E+00  0.117324839908422E-01
-.145608766860048E+00  0.529740542823307E+00  -.256520960583056E+00  0.117324839908422E-01
-.595645957287683E+00  -.124213204253276E+00  -.257027786177572E+00  0.100391793802204E-01
0.405394769012644E+00  -.453737928545996E+00  -.257027786177572E+00  0.100391793802204E-01
0.190251188275039E+00  0.577951132799273E+00  -.257027786177572E+00  0.100391793802204E-01
-.527202011209906E+00  -.302444985386513E+00  -.438528372498491E-01  0.122448116968411E-01
0.525526046196887E+00  -.305347841940771E+00  -.438528372498491E-01  0.122448116968411E-01
0.167596501301980E-02  0.607792827327284E+00  -.438528372498491E-01  0.122448116968411E-01
-.311337654475037E+00  0.237599020803925E+00  -.416304249600012E-01  0.125113059501032E-01
-.500979606929881E-01  -.388425828332007E+00  -.416304249600012E-01  0.125113059501032E-01
0.361435615168025E+00  0.150826807528081E+00  -.416304249600012E-01  0.125113059501032E-01
-.395868600450671E+00  -.193143675651460E+00  -.309952295291408E+00  0.136279050579019E-01
0.365201629919802E+00  -.246260426725143E+00  -.309952295291408E+00  0.136279050579019E-01
0.306669705308690E-01  0.439404102376603E+00  -.309952295291408E+00  0.136279050579019E-01
-.370918463713846E+00  -.760190973953265E-01  -.632801285836563E-01  0.163812722014942E-01
0.251293701374039E+00  -.283215263611224E+00  -.632801285836563E-01  0.163812722014942E-01
0.119624762339807E+00  0.359234361006551E+00  -.632801285836563E-01  0.163812722014942E-01
-.280319708243553E+00  0.118175805912245E+00  -.241768721781931E+00  0.166977232631704E-01
0.378166040890730E-01  -.301851891476482E+00  -.241768721781931E+00  0.166977232631704E-01
0.242503104154480E+00  0.183676085564237E+00  -.241768721781931E+00  0.166977232631704E-01
-.236472241251362E+00  -.213264919316040E+00  0.242518181634893E+00  0.183727470508440E-01
0.302928958489410E+00  -.981585085555021E-01  0.242518181634893E+00  0.183727470508440E-01
-.664567172380480E-01  0.311423427871542E+00  0.242518181634893E+00  0.183727470508440E-01
-.230315984399296E+00  0.544869509028443E-01  0.205459223610170E+00  0.185201597959667E-01
0.679709085430294E-01  -.226702968838833E+00  0.205459223610170E+00  0.185201597959667E-01
0.162345075856267E+00  0.172216017935989E+00  0.205459223610170E+00  0.185201597959667E-01
-.181302249317661E+00  -.199768458896272E+00  -.795577144547949E-01  0.217348613428741E-01
0.263655684937869E+00  -.571281242242180E-01  -.795577144547949E-01  0.217348613428741E-01
-.823534356202087E-01  0.256896583120490E+00  -.795577144547949E-01  0.217348613428741E-01
0.000000000000000E+00  0.000000000000000E+00  0.820045278041130E+00  0.854530881178006E-02
0.000000000000000E+00  0.000000000000000E+00  -.233118562102568E+00  0.225035935133634E-01
0.000000000000000E+00  0.000000000000000E+00  0.970783120157407E-01  0.264180747869854E-01

13         145
0.265857075335138E+00  0.168816242663406E+00  -.391617463442580E+00  0.433227214643094E-02
0.132706170503794E-01  -.474102852824353E+00  -.166112978520211E+00  0.433227214643094E-02
-.417220423077754E+00  -.814265730987640E-01  0.268029807532959E+00  0.433227214643094E-02
0.138092730692237E+00  0.386713183259710E+00  0.289700634429831E+00  0.433227214643094E-02
-.545827724832730E+00  -.150048926411879E+00  -.376706461735230E-01  0.744305340793360E-02
0.142967680333095E+00  0.147058820519012E+00  0.528957095409725E+00  0.744305340793360E-02
0.558728342534932E-01  0.432924514378575E+00  -.362375846793242E+00  0.744305340793360E-02
0.346987210246141E+00  -.429934408485708E+00  -.128910602442961E+00  0.744305340793360E-02
0.521202247849020E+00  -.116137472117531E+00  0.234119315317688E-01  0.641879921111046E-02
-.361179125109599E+00  -.109028902966961E+00  -.378616101128380E+00  0.641879921111046E-02
0.861677628386624E-01  -.234527767050709E+00  0.472503605552761E+00  0.641879921111046E-02
-.246190885578084E+00  0.459694142135201E+00  -.117299435956149E+00  0.641879921111046E-02
0.269720556959076E+00  0.499317594672119E+00  -.239966471215121E+00  0.500489772809457E-02
0.297561443063059E+00  -.387323775933327E+00  -.375617660263575E+00  0.500489772809457E-02
-.484212950979502E+00  -.375480353245299E+00  0.648341648624401E-01  0.500489772809457E-02
-.830690490426323E-01  0.263486534506506E+00  0.550749966616256E+00  0.500489772809457E-02
-.387754327968638E+00  0.176582180556366E+00  -.432698072683453E-02  0.396712232560419E-02
0.346801818201782E+00  0.784251528379959E-01  0.234800771729857E+00  0.396712232560419E-02
-.105482734447509E+00  0.108188370203897E+00  -.398399394322785E+00  0.396712232560419E-02
0.146435244214365E+00  -.363195703598259E+00  0.167925603319763E+00  0.396712232560419E-02
-.633832968657276E+00  -.313082932149851E+00  0.336922619078126E-01  0.410869222681635E-02
0.457787115955473E-01  0.266917675387447E+00  0.653880407416617E+00  0.410869222681635E-02
0.208268131806844E+00  0.558782905263087E+00  -.381164496159256E+00  0.410869222681635E-02
0.379786125254884E+00  -.512617648500683E+00  -.306408173165174E+00  0.410869222681635E-02
0.423275602612201E-01  -.356256024820268E+00  0.148575375587633E-01  0.100527076633729E-01
-.329690547876222E+00  0.611649107272807E-01  0.128427879907430E+00  0.100527076633729E-01
0.217815640448143E+00  0.206062277862866E+00  0.197548496372027E+00  0.100527076633729E-01
0.695473471668584E-01  0.890288362301212E-01  -.340833913838221E+00  0.100527076633729E-01
0.530810741036457E+00  -.297281976036327E+00  -.327567691585511E-01  0.946373530200207E-02
-.522859113852924E+00  -.134568244242715E+00  -.282346164669914E+00  0.946373530200207E-02
0.144890038869601E+00  -.928340511340759E-01  0.584464145682045E+00  0.946373530200207E-02
-.152841666053134E+00  0.524684271413118E+00  -.269361211853581E+00  0.946373530200207E-02
-.802960774774656E-02  -.210164382065573E+00  -.149469180940121E+00  0.164193965812916E-01
-.177992889965571E+00  -.103575550119958E+00  0.155451647400564E+00  0.164193965812916E-01
-.702612632046656E-03  0.215205931852470E+00  0.142339352856112E+00  0.164193965812916E-01
0.186725110345365E+00  0.985340003330617E-01  -.148321819316556E+00  0.164193965812916E-01
-.153256391312394E+00  0.995562614221799E-01  0.335540778050739E+00  0.144800169911779E-01
0.162846447153609E+00  0.343999478518308E+00  -.336448782124913E-01  0.144800169911779E-01
0.216489063708649E+00  -.136063661851737E+00  -.283911517236274E+00  0.144800169911779E-01
-.226079119549865E+00  -.307492078088751E+00  -.179843826019744E-01  0.144800169911779E-01
-.359889451206840E+00  -.104501071549389E+00  -.854281764953414E-01  0.160085971255823E-01
0.894441429189540E-01  0.407655238189431E-01  0.371586842810010E+00  0.160085971255823E-01
-.941809223369263E-02  0.317720881168540E+00  -.216110170034671E+00  0.160085971255823E-01
0.279863400521578E+00  -.253985333438094E+00  -.700484962799974E-01  0.160085971255823E-01
0.447938743317424E+00  -.351441100721436E+00  -.287708813244074E+00  0.965665857411044E-02
-.528326292817441E+00  -.341989730699841E+00  -.104166590963853E+00  0.965665857411044E-02
-.320086482107408E-01  0.111303748347526E+00  0.627314313803624E+00  0.965665857411044E-02
0.112396197710758E+00  0.582127083073751E+00  -.235438909595698E+00  0.965665857411044E-02
0.630186433817936E+00  -.111638317711180E+00  -.243143824164464E+00  0.501327537280901E-02
-.411774836082608E+00  -.392550963144117E+00  -.380870319508671E+00  0.501327537280901E-02
-.134071688321550E+00  -.174793664150101E+00  0.648219817610091E+00  0.501327537280901E-02
-.843399094137775E-01  0.678982945005398E+00  -.242056739369570E-01  0.501327537280901E-02
-.222428597151331E-01  0.332313459389832E+00  0.682090344478322E+00  0.138212693037266E-02
0.298913327708650E+00  0.594116327907053E+00  -.365856296328053E+00  0.138212693037266E-02
0.365063168916309E+00  -.530240857190802E+00  -.402178734142976E+00  0.138212693037266E-02
-.641733636909826E+00  -.396188930106084E+00  0.859446859927070E-01  0.138212693037266E-02
0.122792992456073E-01  0.364062771569264E+00  0.324350338712219E+00  0.116012561637815E-01
0.309147959128350E+00  0.241578575020752E+00  -.289763621790430E+00  0.116012561637815E-01
0.546392034138412E-01  -.402698187093463E+00  -.269711610089977E+00  0.116012561637815E-01
-.376066461787798E+00  -.202943159496553E+00  0.235124893168187E+00  0.116012561637815E-01
-.142589329808799E-01  -.383090258625198E-01  0.796967145884759E+00  0.666518998472747E-02
-.260471231007373E-01  0.761888868025190E+00  -.235954297289661E+00  0.666518998472747E-02
0.672838676120752E+00  -.341922166122120E+00  -.259239037342793E+00  0.666518998472747E-02
-.632532620039135E+00  -.381657676040550E+00  -.301773811252305E+00  0.666518998472747E-02
0.575119271006053E-01  -.129912177994917E+00  0.830407249308780E+00  0.217353536487319E-02
-.141263209954867E+00  0.787965229212854E+00  -.262519520263856E+00  0.217353536487319E-02
0.753029510774593E+00  -.338054139351675E+00  -.168602936583438E+00  0.217353536487319E-02
-.669278227920332E+00  -.319998911866262E+00  -.399284792461487E+00  0.217353536487319E-02
0.657927959076019E+00  -.389432207280454E+00  0.410396099085076E-01  0.294355934503418E-02
-.666222164094730E+00  -.863295589751428E-01  -.367295695998192E+00  0.294355934503418E-02
0.258347490877384E+00  -.139579670401989E+00  0.707096162166460E+00  0.294355934503418E-02
-.250053285858673E+00  0.615341436657585E+00  -.380840076076775E+00  0.294355934503418E-02
-.203749238783465E+00  0.205886420361194E+00  -.590511308371066E-01  0.177661885363126E-01
0.280177489718768E+00  -.311710045329942E-01  0.889884777846125E-01  0.177661885363126E-01
-.167083626646437E+00  0.821403431912074E-02  -.243732635882040E+00  0.177661885363126E-01
0.906553757111343E-01  -.182929450147320E+00  0.213795288934534E+00  0.177661885363126E-01
-.230772764330221E+00  0.142856291012041E+00  0.442760717009996E+00  0.324164894447427E-02
0.239103559271961E+00  0.460247784222884E+00  -.265048340296490E-01  0.324164894447427E-02
0.279034493536536E+00  -.170720213360864E+00  -.403355180123379E+00  0.324164894447427E-02
-.287365288478276E+00  -.432383861874061E+00  -.129007028569675E-01  0.324164894447427E-02
-.371054910246181E+00  -.265571338565740E+00  0.405314666662877E+00  0.401261466306416E-02
-.444640705918783E-01  0.533510548333919E+00  0.293051706257241E+00  0.401261466306416E-02
0.484265723340079E+00  0.200209045150802E+00  -.312878424847661E+00  0.401261466306416E-02
-.687467425020197E-01  -.468148254918981E+00  -.385487948072456E+00  0.401261466306416E-02
-.479086034016341E+00  -.243264665624688E+00  0.377145659105647E+00  0.186125225026268E-02
0.288696367340637E-01  0.534420673687841E+00  0.380132952166881E+00  0.186125225026268E-02
0.448387061354232E+00  0.260988725755002E+00  -.402211265322253E+00  0.186125225026268E-02
0.182933592804548E-02  -.552144733818155E+00  -.355067345950276E+00  0.186125225026268E-02
-.406115486443983E+00  0.166732663494482E+00  -.222058995864348E+00  0.990055157882984E-02
0.347452465448855E+00  -.119912563604367E+00  0.327013040096600E+00  0.990055157882984E-02
-.277573559038727E+00  0.227995390956959E+00  -.336170772190025E+00  0.990055157882984E-02
0.336236580033854E+00  -.274815490847074E+00  0.231216727957773E+00  0.990055157882984E-02
-.257729905825317E+00  -.141684759209362E+00  0.719572280619079E+00  0.233529646625112E-02
0.616235210827038E-02  0.776433594027619E+00  0.373689960546520E-01  0.233529646625112E-02
0.669330040725437E+00  -.959526894737085E-01  -.383502177763741E+00  0.233529646625112E-02
-.417762487008390E+00  -.538796145344549E+00  -.373439098909990E+00  0.233529646625112E-02
0.922600077384616E-01  -.530159321405688E-01  0.983305458036313E+00  0.162886727567961E-02
-.920431479082753E-01  0.909272095012104E+00  -.378106516801909E+00  0.162886727567961E-02
0.833474307186917E+00  -.481457023779672E+00  -.227446555052270E+00  0.162886727567961E-02
-.833691167017103E+00  -.374799139091862E+00  -.377752386182134E+00  0.162886727567961E-02
0.578155269598456E+00  -.264971063501338E+00  0.987928027191610E-01  0.244866319607261E-02
-.518549307059166E+00  -.295944587042869E-01  -.380084177898869E+00  0.244866319607261E-02
0.233645100480421E+00  -.203722098691939E+00  0.564039423846105E+00  0.244866319607261E-02
-.293251063019711E+00  0.498287620897564E+00  -.282748048666397E+00  0.244866319607261E-02
-.210000176881941E-01  0.749957353287320E+00  -.375777767176835E+00  0.436143778899117E-02
0.659982128545857E+00  -.473217385801760E+00  -.211127588372676E+00  0.436143778899117E-02
-.739809341889714E+00  -.310703864733028E+00  -.245420473656340E+00  0.436143778899117E-02
0.100827231032051E+00  0.339638972474677E-01  0.832325829205850E+00  0.436143778899117E-02
-.169609180917580E+00  0.361686467854298E+00  0.181069983393943E+00  0.965947889992599E-02
0.398034259825676E+00  0.159395292657106E+00  -.923719808736141E-01  0.965947889992599E-02
-.609767572281294E-01  -.228557614394530E+00  -.369342613499927E+00  0.965947889992599E-02
-.167448321679966E+00  -.292524146116874E+00  0.280644610979598E+00  0.965947889992599E-02
-.919457754896030E-01  -.110895397013101E+00  0.470540265332704E+00  0.126173059613443E-01
-.500653432313053E-01  0.488654641867832E+00  -.294967523059998E-01  0.126173059613443E-01
0.448220005150382E+00  -.947996253868760E-01  -.179643574942018E+00  0.126173059613443E-01
-.306208886429474E+00  -.282959619467855E+00  -.261399938084686E+00  0.126173059613443E-01
-.240461602768565E+00  -.589359491780410E-01  0.561775433607133E+00  0.846811736801078E-02
0.691907721999501E-01  0.608884901883929E+00  0.368602715155287E-01  0.846811736801078E-02
0.492714406912303E+00  -.867022751981842E-01  -.355811881494339E+00  0.846811736801078E-02
-.321443576343688E+00  -.463246677507704E+00  -.242823823628322E+00  0.846811736801078E-02
-.561698164329029E-02  0.942606950288103E+00  -.218969734145384E+00  0.235683557685853E-02
0.819130055554918E+00  -.361926320634545E+00  -.366773020006184E+00  0.235683557685853E-02
-.723002415745207E+00  -.521938345069071E+00  -.375945512619945E+00  0.235683557685853E-02
-.905106581664201E-01  -.587422845844865E-01  0.961688266771513E+00  0.235683557685853E-02
-.111615447650236E+00  0.546006366596372E-01  0.822470816161102E+00  0.335420614881112E-02
0.103093262235168E+00  0.798553420177419E+00  -.208762294294654E+00  0.335420614881112E-02
0.640020917035010E+00  -.359675676650207E+00  -.391029557064924E+00  0.335420614881112E-02
-.631498731619942E+00  -.493478380186849E+00  -.222678964801524E+00  0.335420614881112E-02
0.463961775959168E+00  -.403321428618393E+00  0.366143477531935E-01  0.338061326231928E-02
-.581267491053745E+00  -.321936519054551E-01  -.200900441553607E+00  0.338061326231928E-02
0.262753225136155E+00  -.162476728881311E-01  0.556745965950027E+00  0.338061326231928E-02
-.145447510041579E+00  0.451762753411979E+00  -.392459872149613E+00  0.338061326231928E-02
0.478204749256771E+00  -.233230037702855E+00  0.355845497846387E+00  0.219429308575035E-02
-.441085512204661E+00  0.236320205370743E+00  -.399122014542961E+00  0.219429308575035E-02
0.425202057380950E+00  -.288352125297173E+00  0.381783070960147E+00  0.219429308575035E-02
-.462321294433060E+00  0.285261957629285E+00  -.338506554263573E+00  0.219429308575035E-02
-.176819951483252E-02  0.450270006346296E-02  0.110916760268847E+01  0.120449878121394E-02
0.478355239799699E-02  0.104549322966695E+01  -.370401398536913E+00  0.120449878121394E-02
0.903031920177217E+00  -.524847551798734E+00  -.373288856253431E+00  0.120449878121394E-02
-.906047273060381E+00  -.525148377931676E+00  -.365477347898125E+00  0.120449878121394E-02
0.205422289886892E-03  0.122327092136522E+00  0.936947035602605E+00  0.277021390500521E-02
0.105835658216365E+00  0.862914987653045E+00  -.370148949379918E+00  0.277021390500521E-02
0.694388471505690E+00  -.523351063696869E+00  -.369813496185240E+00  0.277021390500521E-02
-.800429552011942E+00  -.461891016092699E+00  -.196984590037446E+00  0.277021390500521E-02
0.000000000000000E+00  0.000000000000000E+00  0.000000000000000E+00  0.200212003822212E-01

14         177
0.431390631282129E+00  -.415150396194623E+00  -.300052652728378E+00  0.406523236301576E-02
0.143835473854654E+00  0.581170443742241E+00  -.300052652728378E+00  0.406523236301576E-02
-.575226105136783E+00  -.166020047547618E+00  -.300052652728378E+00  0.406523236301576E-02
-.330373709733796E+00  -.371152288565433E+00  -.236767915814822E+00  0.632171794187759E-02
0.486614165437296E+00  -.100535881089257E+00  -.236767915814822E+00  0.632171794187759E-02
-.156240455703500E+00  0.471688169654690E+00  -.236767915814822E+00  0.632171794187759E-02
-.701685747210116E+00  -.411791290074162E+00  -.112654926421509E-01  0.146692053591081E-02
0.707464591866449E+00  -.401782037520345E+00  -.112654926421509E-01  0.146692053591081E-02
-.577884465633321E-02  0.813573327594507E+00  -.112654926421509E-01  0.146692053591081E-02
-.234132372449142E+00  -.485270479072452E+00  -.209161190158085E+00  0.347360701170781E-02
0.537322748807959E+00  0.398706571469498E-01  -.209161190158085E+00  0.347360701170781E-02
-.303190376358818E+00  0.445399821925503E+00  -.209161190158085E+00  0.347360701170781E-02
0.133054085647204E+00  -.422775855838976E+00  -.387114024309915E+00  0.327452478607091E-02
0.299607588439659E+00  0.326616146167277E+00  -.387114024309915E+00  0.327452478607091E-02
-.432661674086863E+00  0.961597096716992E-01  -.387114024309915E+00  0.327452478607091E-02
-.190715478453164E+00  -.157084395143494E+00  0.157751723170145E+00  0.104658796984013E-01
0.231396815958960E+00  -.866222516635967E-01  0.157751723170145E+00  0.104658796984013E-01
-.406813375057965E-01  0.243706646807090E+00  0.157751723170145E+00  0.104658796984013E-01
0.428743487082359E+00  -.385896840098085E+00  -.380426455070900E+00  0.365828524265580E-02
0.119824723223903E+00  0.564251171569491E+00  -.380426455070900E+00  0.365828524265580E-02
-.548568210306262E+00  -.178354331471406E+00  -.380426455070900E+00  0.365828524265580E-02
0.205169177763408E+00  -.369250450092326E+00  -.256718910925566E+00  0.805643474682350E-02
0.217195681257088E+00  0.362306945062840E+00  -.256718910925566E+00  0.805643474682350E-02
-.422364859020496E+00  0.694350502948603E-02  -.256718910925566E+00  0.805643474682350E-02
-.333736389925948E+00  -.423079446918582E+00  -.744054097150946E-02  0.285079605003330E-02
0.533265743813536E+00  -.774844683838889E-01  -.744054097150946E-02  0.285079605003330E-02
-.199529353887588E+00  0.500563915302471E+00  -.744054097150946E-02  0.285079605003330E-02
-.208261416194192E+00  -.124161082753476E+00  0.396715888842717E+00  0.858466362608274E-02
0.211657359922988E+00  -.118279135675557E+00  0.396715888842717E+00  0.858466362608274E-02
-.339594372879561E-02  0.242440218429032E+00  0.396715888842717E+00  0.858466362608274E-02
-.389861451124043E+00  -.225563277704873E+00  0.543547204061557E+00  0.946266966357550E-03
0.390274254215326E+00  -.224848281777250E+00  0.543547204061557E+00  0.946266966357550E-03
-.412803091282689E-03  0.450411559482123E+00  0.543547204061557E+00  0.946266966357550E-03
0.561853060609760E+00  -.330665459027989E+00  0.210703674719555E+00  0.194592055957491E-02
0.543815736740110E-02  0.651911753196085E+00  0.210703674719555E+00  0.194592055957491E-02
-.567291217977162E+00  -.321246294168096E+00  0.210703674719555E+00  0.194592055957491E-02
0.830115941879600E+00  -.538281513095181E+00  -.384664004295321E+00  0.940501560844964E-03
0.511074937881530E-01  0.988042250301771E+00  -.384664004295321E+00  0.940501560844964E-03
-.881223435667753E+00  -.449760737206590E+00  -.384664004295321E+00  0.940501560844964E-03
-.484349590902721E-01  -.412958142238438E+00  0.429228724162949E-01  0.190576875586307E-02
0.381849721423251E+00  0.164533166115783E+00  0.429228724162949E-01  0.190576875586307E-02
-.333414762332979E+00  0.248424976122655E+00  0.429228724162949E-01  0.190576875586307E-02
0.296626658133283E+00  -.178683475863904E+00  -.394325007448745E+00  0.357843473400685E-02
0.643110026800299E-02  0.346227959315057E+00  -.394325007448745E+00  0.357843473400685E-02
-.303057758401286E+00  -.167544483451153E+00  -.394325007448745E+00  0.357843473400685E-02
-.968521931931685E-01  -.399916479772566E+00  -.290043014622530E+00  0.773671092812126E-02
0.394763927471672E+00  0.116081780168761E+00  -.290043014622530E+00  0.773671092812126E-02
-.297911734278504E+00  0.283834699603805E+00  -.290043014622530E+00  0.773671092812126E-02
-.201189741505724E+00  -.415182764239919E+00  -.400200824517374E+00  0.191995424379054E-02
0.460153691798077E+00  0.333559549951777E-01  -.400200824517374E+00  0.191995424379054E-02
-.258963950292353E+00  0.381826809244741E+00  -.400200824517374E+00  0.191995424379054E-02
0.432130184655378E+00  -.498674709842361E+00  -.251438252248893E+00  0.359167766599007E-02
0.215799874620630E+00  0.623573072574798E+00  -.251438252248893E+00  0.359167766599007E-02
-.647930059276008E+00  -.124898362732437E+00  -.251438252248893E+00  0.359167766599007E-02
0.812098620452940E+00  -.472617795905675E+00  -.205253440505173E+00  0.163699636581666E-02
0.324970730845357E-02  0.939606933643380E+00  -.205253440505173E+00  0.163699636581666E-02
-.815348327761394E+00  -.466989137737706E+00  -.205253440505173E+00  0.163699636581666E-02
0.394488056050946E-01  -.315667755727070E+00  0.294469905805226E+00  0.371990619266472E-02
0.253651892812716E+00  0.191997545666501E+00  0.294469905805226E+00  0.371990619266472E-02
-.293100698417811E+00  0.123670210060569E+00  0.294469905805226E+00  0.371990619266472E-02
-.291240910693513E+00  -.345668582740400E+00  -.579241954558108E-01  0.986949751881142E-02
0.444978229290106E+00  -.793877359116978E-01  -.579241954558108E-01  0.986949751881142E-02
-.153737318596593E+00  0.425056318652097E+00  -.579241954558108E-01  0.986949751881142E-02
0.797162318504418E-01  -.481375448204910E+00  -.221199289827207E+00  0.511232572562276E-02
0.377025250978351E+00  0.309724005978908E+00  -.221199289827207E+00  0.511232572562276E-02
-.456741482828793E+00  0.171651442226002E+00  -.221199289827207E+00  0.511232572562276E-02
-.601330636472244E-01  -.355656016073308E-01  0.103189072593083E+01  0.148432097038720E-02
0.608672463164374E-01  -.342939599222175E-01  0.103189072593083E+01  0.148432097038720E-02
-.734182669212936E-03  0.698595615295483E-01  0.103189072593083E+01  0.148432097038720E-02
0.707368223576599E+00  -.499369003565041E+00  -.284434794372116E+00  0.289491128062641E-02
0.787821311615478E-01  0.862283353229726E+00  -.284434794372116E+00  0.289491128062641E-02
-.786150354738147E+00  -.362914349664685E+00  -.284434794372116E+00  0.289491128062641E-02
-.571606051930455E+00  -.537662948973584E+00  -.391636447608022E+00  0.142504803300982E-02
0.751432798450007E+00  -.226193887441909E+00  -.391636447608022E+00  0.142504803300982E-02
-.179826746519553E+00  0.763856836415493E+00  -.391636447608022E+00  0.142504803300982E-02
0.274284076647043E+00  -.185375243472589E+00  -.586329434671555E-01  0.141873694398244E-01
0.233976317564654E-01  0.330224599966192E+00  -.586329434671555E-01  0.141873694398244E-01
-.297681708403509E+00  -.144849356493603E+00  -.586329434671555E-01  0.141873694398244E-01
-.350808534524647E+00  -.208636349114971E+00  0.435006887224366E+00  0.539858753893711E-02
0.356088645748728E+00  -.199490928205249E+00  0.435006887224366E+00  0.539858753893711E-02
-.528011122408046E-02  0.408127277320220E+00  0.435006887224366E+00  0.539858753893711E-02
0.328300425324068E+00  -.364481225820524E+00  -.716100923895723E-01  0.947121169394387E-02
0.151499788101032E+00  0.466557121314141E+00  -.716100923895723E-01  0.947121169394387E-02
-.479800213425100E+00  -.102075895493617E+00  -.716100923895723E-01  0.947121169394387E-02
-.426504771665848E+00  -.389166862008230E+00  -.365136152245336E+00  0.514830515592227E-02
0.550280774643124E+00  -.174780536093791E+00  -.365136152245336E+00  0.514830515592227E-02
-.123776002977276E+00  0.563947398102021E+00  -.365136152245336E+00  0.514830515592227E-02
-.116064946912348E+00  -.736864841236115E-01  0.666665267409240E+00  0.693209040738212E-02
0.121846840622780E+00  -.636719504531800E-01  0.666665267409240E+00  0.693209040738212E-02
-.578189371043220E-02  0.137358434576792E+00  0.666665267409240E+00  0.693209040738212E-02
-.507253962171683E+00  -.500166633372341E+00  -.285044786071150E+00  0.384740453002207E-02
0.686783991711626E+00  -.189211500724817E+00  -.285044786071150E+00  0.384740453002207E-02
-.179530029539944E+00  0.689378134097158E+00  -.285044786071150E+00  0.384740453002207E-02
-.688880924566991E+00  -.403232643033866E+00  -.376701991565384E+00  0.341814011717388E-02
0.693650174785966E+00  -.394972059340592E+00  -.376701991565384E+00  0.341814011717388E-02
-.476925021897530E-02  0.798204702374459E+00  -.376701991565384E+00  0.341814011717388E-02
0.557608605089227E+00  -.534172949628859E+00  -.384721845796333E+00  0.185580288908433E-02
0.183803041848444E+00  0.749989692190505E+00  -.384721845796333E+00  0.185580288908433E-02
-.741411646937671E+00  -.215816742561646E+00  -.384721845796333E+00  0.185580288908433E-02
0.117940368865120E-01  -.357740333517528E+00  -.143769139534580E-01  0.108070013948928E-01
0.303915198341241E+00  0.189084102315654E+00  -.143769139534580E-01  0.108070013948928E-01
-.315709235227753E+00  0.168656231201874E+00  -.143769139534580E-01  0.108070013948928E-01
0.253354386811352E+00  -.287912756425297E+00  0.222800457773531E+00  0.906264789978594E-02
0.122662567732233E+00  0.363367713351509E+00  0.222800457773531E+00  0.906264789978594E-02
-.376016954543585E+00  -.754549569262112E-01  0.222800457773531E+00  0.906264789978594E-02
0.314876875323534E-01  -.199239890721353E+00  0.186051720438600E+00  0.138606053615456E-01
0.156802963045750E+00  0.126889082670121E+00  0.186051720438600E+00  0.138606053615456E-01
-.188290650578103E+00  0.723508080512317E-01  0.186051720438600E+00  0.138606053615456E-01
-.594049502589442E+00  -.438396792052013E+00  -.107252401201028E+00  0.457013759913211E-02
0.676687510149368E+00  -.295263564321960E+00  -.107252401201028E+00  0.457013759913211E-02
-.826380075599264E-01  0.733660356373973E+00  -.107252401201028E+00  0.457013759913211E-02
0.579932556308520E+00  -.424365726349469E+00  -.649066268763679E-01  0.465126782829962E-02
0.775452213598157E-01  0.714419189419562E+00  -.649066268763679E-01  0.465126782829962E-02
-.657477777668335E+00  -.290053463070093E+00  -.649066268763679E-01  0.465126782829962E-02
0.195920937874949E+00  -.216364720576334E+00  0.572600477416618E+00  0.326426940123369E-02
0.894168755643527E-01  0.277854869621145E+00  0.572600477416618E+00  0.326426940123369E-02
-.285337813439301E+00  -.614901490448112E-01  0.572600477416618E+00  0.326426940123369E-02
0.293795783938049E+00  -.172013681598430E+00  -.279205402145707E+00  0.124731589188106E-01
0.207032609370380E-02  0.340441453214330E+00  -.279205402145707E+00  0.124731589188106E-01
-.295866110031753E+00  -.168427771615900E+00  -.279205402145707E+00  0.124731589188106E-01
0.196066793261093E+00  -.535252331362290E+00  -.371406858066433E+00  0.267146190562093E-02
0.365508719764043E+00  0.437424989483803E+00  -.371406858066433E+00  0.267146190562093E-02
-.561575513025136E+00  0.978273418784868E-01  -.371406858066433E+00  0.267146190562093E-02
-.771548468250016E+00  -.511316331787365E+00  -.316127736529443E+00  0.247043225178507E-02
0.828587166822739E+00  -.412522407861803E+00  -.316127736529443E+00  0.247043225178507E-02
-.570386985727228E-01  0.923838739649168E+00  -.316127736529443E+00  0.247043225178507E-02
0.403028132160854E-02  -.119119276825175E+00  0.837319726087445E+00  0.296490650729996E-02
0.101145179150228E+00  0.630499644214984E-01  0.837319726087445E+00  0.296490650729996E-02
-.105175460471837E+00  0.560693124036765E-01  0.837319726087445E+00  0.296490650729996E-02
-.212370598477446E+00  -.293651338633288E+00  0.249929771088548E+00  0.860572707732062E-02
0.360494818350457E+00  -.370926639817289E-01  0.249929771088548E+00  0.860572707732062E-02
-.148124219873011E+00  0.330744002615017E+00  0.249929771088548E+00  0.860572707732062E-02
0.790885623061389E-02  -.186230679784906E+00  0.510801807660677E+00  0.877185863748445E-02
0.157326071542467E+00  0.999646103030436E-01  0.510801807660677E+00  0.877185863748445E-02
-.165234927773081E+00  0.862660694818627E-01  0.510801807660677E+00  0.877185863748445E-02
-.200910598310906E+00  -.533763920774365E+00  -.370618994311813E+00  0.290413050390200E-02
0.562708414169638E+00  0.928882783604067E-01  -.370618994311813E+00  0.290413050390200E-02
-.361797815858732E+00  0.440875642413959E+00  -.370618994311813E+00  0.290413050390200E-02
0.414574100129292E+00  -.339868239080644E+00  0.243304752537497E+00  0.214688891585148E-02
0.870474789186747E-01  0.528965822003362E+00  0.243304752537497E+00  0.214688891585148E-02
-.501621579047967E+00  -.189097582922719E+00  0.243304752537497E+00  0.214688891585148E-02
0.943394123922343E+00  -.549833921306826E+00  -.353900770933115E+00  0.288955388462999E-03
0.447308175295379E-02  0.109192023775113E+01  -.353900770933115E+00  0.288955388462999E-03
-.947867205675297E+00  -.542086316444301E+00  -.353900770933115E+00  0.288955388462999E-03
-.609663127688677E-02  -.228284712897205E+00  -.358254809756500E+00  0.890662239939930E-02
0.200748676303060E+00  0.108862518885312E+00  -.358254809756500E+00  0.890662239939930E-02
-.194652045026173E+00  0.119422194011893E+00  -.358254809756500E+00  0.890662239939930E-02
-.467377292334852E+00  -.284297272851647E+00  0.875399656704794E-01  0.950021892197092E-02
0.479897306683588E+00  -.262611971888144E+00  0.875399656704794E-01  0.950021892197092E-02
-.125200143487367E-01  0.546909244739791E+00  0.875399656704794E-01  0.950021892197092E-02
-.171725362029759E-01  -.216098000611315E+00  -.139771324575759E+00  0.168729460475487E-01
0.195732626337912E+00  0.931771477064723E-01  -.139771324575759E+00  0.168729460475487E-01
-.178560090134936E+00  0.122920852904842E+00  -.139771324575759E+00  0.168729460475487E-01
-.578095641848885E+00  -.334353885074778E+00  -.218406624644003E+00  0.948241327313408E-02
0.578606779253223E+00  -.333468569120816E+00  -.218406624644003E+00  0.948241327313408E-02
-.511137404338008E-03  0.667822454195594E+00  -.218406624644003E+00  0.948241327313408E-02
-.183372574619043E+00  -.219541841392263E+00  0.576382518032875E+00  0.291688967327526E-02
0.281815099148836E+00  -.490343872813174E-01  0.576382518032875E+00  0.291688967327526E-02
-.984425245297925E-01  0.268576228673581E+00  0.576382518032875E+00  0.291688967327526E-02
-.190899014398038E+00  -.111126024460738E+00  0.806184996827429E+00  0.270449744035093E-02
0.191687467403589E+00  -.109760383795744E+00  0.806184996827429E+00  0.270449744035093E-02
-.788453005550652E-03  0.220886408256482E+00  0.806184996827429E+00  0.270449744035093E-02
-.861771851070090E+00  -.553170740310306E+00  -.404937197194422E+00  0.365083635563045E-03
0.909945839274015E+00  -.469730945137884E+00  -.404937197194422E+00  0.365083635563045E-03
-.481739882039250E-01  0.102290168544819E+01  -.404937197194422E+00  0.365083635563045E-03
-.442456496600871E+00  -.348623644623302E+00  0.222594867405501E+00  0.213211148110681E-02
0.523145180904133E+00  -.208866743814167E+00  0.222594867405501E+00  0.213211148110681E-02
-.806886843032620E-01  0.557490388437468E+00  0.222594867405501E+00  0.213211148110681E-02
0.280849166729798E+00  -.431043622678125E+00  -.413783870349934E-02  0.246617108755398E-02
0.232870144013632E+00  0.458744324358759E+00  -.413783870349934E-02  0.246617108755398E-02
-.513719310743430E+00  -.277007016806341E-01  -.413783870349934E-02  0.246617108755398E-02
0.000000000000000E+00  0.000000000000000E+00  -.259169412529235E+00  0.140449548867205E-01
0.000000000000000E+00  0.000000000000000E+00  0.119108679488808E+01  0.125255445129850E-03
0.000000000000000E+00  0.000000000000000E+00  0.411955149105663E+00  0.153023202681075E-01
0.000000000000000E+00  0.000000000000000E+00  0.843561737800424E+00  0.448371057356211E-02
0.000000000000000E+00  0.000000000000000E+00  -.400216890061933E+00  0.272630976143205E-02
0.000000000000000E+00  0.000000000000000E+00  0.332128564953051E-01  0.179896975014151E-01

15         212
-.413615877492410E+00  -.464057682860693E-01  -.406186740173003E+00  0.131449567673741E-02
0.166619364528335E+00  -.255821617385833E+00  0.494987418808475E+00  0.131449567673741E-02
-.304857701757522E+00  0.461216682671651E+00  -.180444480771472E+00  0.131449567673741E-02
0.551854214721597E+00  -.158989296999748E+00  0.916438021359992E-01  0.131449567673741E-02
0.484849800987765E-01  0.178562259220769E+00  -.293076303453317E+00  0.830733385587762E-02
0.130396962592940E+00  -.320071773461872E+00  -.260707755652245E-01  0.830733385587762E-02
-.342388768148789E+00  -.887682807424338E-02  0.531048653887751E-01  0.830733385587762E-02
0.163506825457073E+00  0.150386342315347E+00  0.266042213629767E+00  0.830733385587762E-02
-.170478533652966E+00  0.579763486070319E+00  -.377256039790586E+00  0.278389675889253E-02
0.587329173950005E+00  -.403094739336598E+00  -.835597521036935E-02  0.278389675889253E-02
-.642754871372362E+00  -.110242960764950E+00  -.286746254908807E+00  0.278389675889253E-02
0.225904231075323E+00  -.664257859687716E-01  0.672358269909762E+00  0.278389675889253E-02
0.116269870267752E+00  0.384412610861650E+00  -.381165936265771E+00  0.386305688224320E-02
0.274776151407415E+00  -.456999679980268E+00  -.149092482059205E+00  0.386305688224320E-02
-.533161408087979E+00  -.143720169278266E+00  0.407754210178550E-01  0.386305688224320E-02
0.142115386412811E+00  0.216307238396884E+00  0.489482997307122E+00  0.386305688224320E-02
0.148636679350003E+00  0.684559768394764E-01  0.680340623931507E+00  0.335331570479918E-02
-.150337246911358E-01  0.587114248707873E+00  -.380412005424192E+00  0.335331570479918E-02
0.515972716650401E+00  -.452168390526264E+00  -.137689324444736E+00  0.335331570479918E-02
-.649575671309268E+00  -.203401835021085E+00  -.162239294062578E+00  0.335331570479918E-02
-.206817015757990E+00  -.433722938873667E+00  -.217814854430491E-01  0.202716496021266E-02
-.272206575389646E+00  0.111454304924585E+00  0.380584835547577E+00  0.202716496021266E-02
0.232625547120651E+00  0.418822376344046E+00  0.428540630594278E-01  0.202716496021266E-02
0.246398044026985E+00  -.965537423949639E-01  -.401657413163955E+00  0.202716496021266E-02
0.373249000530965E+00  -.146400754593161E+00  -.170124814704176E+00  0.816696877336864E-02
-.313411272876371E+00  -.243742793200699E+00  -.179034283637730E+00  0.816696877336864E-02
-.543818144629964E-01  -.376973011189184E-01  0.430478781898717E+00  0.816696877336864E-02
-.545591319159667E-02  0.427840848912779E+00  -.813196835568108E-01  0.816696877336864E-02
-.103566336198943E+00  0.303000579982761E+00  -.369510917795545E+00  0.512217887373000E-02
0.314189367725961E+00  -.368981304882998E+00  0.648960221313183E-01  0.512217887373000E-02
-.476641867413188E+00  0.319827825587320E-01  -.104227096679978E+00  0.512217887373000E-02
0.266018835886170E+00  0.339979423415052E-01  0.408841992344205E+00  0.512217887373000E-02
-.232910049600773E-02  -.732281978723032E-01  -.344665332416077E+00  0.909339059486427E-02
-.622529293827643E-01  -.312076538677212E+00  0.151310250256704E+00  0.909339059486427E-02
-.239139745728200E+00  0.212640301240758E+00  0.147506845073449E+00  0.909339059486427E-02
0.303721775606972E+00  0.172664435308757E+00  0.458482370859246E-01  0.909339059486427E-02
0.897167938597756E-01  0.643290286146103E+00  -.276364462476041E+00  0.489196384101179E-02
0.512247332880398E+00  -.393672969228282E+00  -.284381917016520E+00  0.489196384101179E-02
-.597054458575140E+00  -.350378748852651E+00  -.137875006139911E+00  0.489196384101179E-02
-.490966816503313E-02  0.100761431934830E+00  0.698621385632472E+00  0.489196384101179E-02
-.909954944061403E-01  0.728249479326380E+00  -.694716283004455E-01  0.211700449036875E-02
0.676180296592506E+00  -.160605255920938E+00  -.245845377322247E+00  0.211700449036875E-02
-.477178379905086E+00  -.400214140046281E+00  -.394440397447130E+00  0.211700449036875E-02
-.108006422281279E+00  -.167430083359162E+00  0.709757403069823E+00  0.211700449036875E-02
0.768282487764215E-01  0.410637375215340E+00  0.433667507971699E+00  0.157756683526606E-02
0.317208274291636E+00  0.318247679963972E+00  -.400862153517454E+00  0.157756683526606E-02
0.117006438398442E+00  -.522547884034035E+00  -.275402148628228E+00  0.157756683526606E-02
-.511042961466500E+00  -.206337171145278E+00  0.242596794173983E+00  0.157756683526606E-02
0.166269019610258E+00  0.348967466132176E+00  0.228841271013793E+00  0.447402370322846E-02
0.219080180959621E+00  0.109594643428634E+00  -.376543350840944E+00  0.447402370322846E-02
-.146283451519167E-01  -.436517250350796E+00  -.105027178788983E+00  0.447402370322846E-02
-.370720855417962E+00  -.220448592100141E-01  0.252729258616134E+00  0.447402370322846E-02
-.286587395456929E-01  0.432492040170287E+00  0.463783906376701E+00  0.253842676411643E-02
0.388878463494875E+00  0.373450719072826E+00  -.335073575548553E+00  0.253842676411643E-02
0.128978578031195E+00  -.490411725924951E+00  -.381873101254066E+00  0.253842676411643E-02
-.489198301980377E+00  -.315531033318161E+00  0.253162770425919E+00  0.253842676411643E-02
-.596522664499165E+00  -.333325514942455E+00  0.188238531322998E+00  0.971409418146528E-03
0.959296857988681E-02  0.405228502259013E+00  0.581443693540671E+00  0.971409418146528E-03
0.346141693003881E+00  0.477883036235217E+00  -.392673738478259E+00  0.971409418146528E-03
0.240788002915397E+00  -.549786023551774E+00  -.377008486385410E+00  0.971409418146528E-03
-.702122453063779E+00  -.412035126719411E+00  -.380718659084317E+00  0.230517096044619E-02
-.577166045866107E-02  -.875871793235648E-01  0.894422023474171E+00  0.230517096044619E-02
-.729668921106997E-01  0.859533168801907E+00  -.252139141164155E+00  0.230517096044619E-02
0.780861005633139E+00  -.359910862758931E+00  -.261564223225700E+00  0.230517096044619E-02
0.707732549231430E+00  -.427853578254302E+00  -.256491433046395E+00  0.363377268176534E-02
-.724398342484014E+00  -.374818301361945E+00  -.290671951284231E+00  0.363377268176534E-02
0.375970004592314E-01  -.246263789458417E-02  0.865050462033222E+00  0.363377268176534E-02
-.209312072066478E-01  0.805134517510831E+00  -.317887077702596E+00  0.363377268176534E-02
-.403162488742315E+00  -.233891826340253E+00  -.350260449262226E+00  0.579077197008364E-02
-.975018977039510E-03  -.174863761715046E+00  0.556191941016688E+00  0.579077197008364E-02
-.150948950358019E+00  0.553808214865881E+00  -.102169646216138E+00  0.579077197008364E-02
0.555086458077374E+00  -.145052626810583E+00  -.103761845538323E+00  0.579077197008364E-02
-.824268129365439E-01  0.151356541431841E+00  -.186877928508344E+00  0.104910631142368E-01
0.172292016377198E+00  -.177621719589755E+00  0.582436958933070E-01  0.104910631142368E-01
-.239970929617203E+00  0.347798820176923E-01  -.763587259856078E-01  0.104910631142368E-01
0.150105726176549E+00  -.851470385977855E-02  0.204992958600645E+00  0.104910631142368E-01
0.516295799166031E+00  -.541459739542370E+00  -.407152743456592E+00  0.608915319468642E-03
-.727065789153213E+00  -.442665757227080E+00  -.305896045676068E-01  0.608915319468642E-03
-.198268965675195E-01  0.254823284982841E+00  0.812517904965217E+00  0.608915319468642E-03
0.230596886554702E+00  0.729302211786608E+00  -.374775556941018E+00  0.608915319468642E-03
0.549711125104833E+00  0.890404803825770E-01  -.307438059934072E+00  0.268796881137794E-02
-.197744244575935E+00  -.463383395723957E+00  -.388331985820424E+00  0.268796881137794E-02
-.302429670100877E+00  -.231808494994713E+00  0.509342522471635E+00  0.268796881137794E-02
-.495372104280209E-01  0.606151410336094E+00  0.186427523282861E+00  0.268796881137794E-02
0.492777421140157E+00  -.516598941462947E+00  -.317487253131638E+00  0.307854801288087E-02
-.693776517445140E+00  -.355482617635324E+00  -.529949187006130E-01  0.307854801288087E-02
0.390312812465899E-01  0.209559043982573E+00  0.751707240338028E+00  0.307854801288087E-02
0.161967815058394E+00  0.662522515115697E+00  -.381225068505776E+00  0.307854801288087E-02
-.455340137231759E+00  -.193953392894032E+00  -.947374493687308E-01  0.871994749443546E-02
0.597015032194636E-01  0.744516170428748E-01  0.494793321231475E+00  0.871994749443546E-02
0.346262401022282E-01  0.436852674653583E+00  -.248774009186310E+00  0.871994749443546E-02
0.361012393910067E+00  -.317350898802426E+00  -.151281862676435E+00  0.871994749443546E-02
-.893496005718411E-01  -.321795184632074E+00  -.146021359161109E+00  0.105604449111595E-01
-.234008004420960E+00  -.582447189381143E-01  0.273323134565547E+00  0.105604449111595E-01
0.665625959737881E-01  0.334951267870785E+00  0.127415847817215E+00  0.105604449111595E-01
0.256795009019012E+00  0.450886356994032E-01  -.254717623221653E+00  0.105604449111595E-01
-.141650282973241E+00  0.288985441670679E+00  -.393425374731667E-01  0.104398956810308E-01
0.321093875297294E+00  -.443658258242354E-01  -.745789275353224E-02  0.104398956810308E-01
-.198968869872311E+00  -.923288820841568E-01  -.238771836223725E+00  0.104398956810308E-01
0.195252775482576E-01  -.152290733762286E+00  0.285572266450424E+00  0.104398956810308E-01
-.333096500881885E+00  -.347617248563344E+00  0.179831549727173E+00  0.410037855722922E-02
-.134497117608563E+00  0.323639696363523E+00  0.375896646657690E+00  0.410037855722922E-02
0.347528757528175E+00  0.339284781303594E+00  -.168047661520406E+00  0.410037855722922E-02
0.120064860962273E+00  -.315307229103774E+00  -.387680534864458E+00  0.410037855722922E-02
0.433846280522914E+00  -.341225481128185E+00  0.231750880773573E+00  0.221305388184014E-02
-.512433075337033E+00  0.150127105885884E+00  -.270629063873440E+00  0.221305388184014E-02
0.386230425162329E+00  -.132246025655331E+00  0.437838945516901E+00  0.221305388184014E-02
-.307643630348209E+00  0.323344400897632E+00  -.398960762417034E+00  0.221305388184014E-02
0.103315401419549E+00  -.792384902854824E-01  0.633415132696283E+00  0.638143803181051E-02
-.120280246254529E+00  0.580571341818033E+00  -.258141667040433E+00  0.638143803181051E-02
0.562929653850900E+00  -.305418271721169E+00  -.894283230079575E-01  0.638143803181051E-02
-.545964809015920E+00  -.195914579811382E+00  -.285845142647893E+00  0.638143803181051E-02
-.273836625426488E+00  -.246673040066755E+00  0.840769826644434E-01  0.926820328340984E-02
-.767068064133029E-01  0.199430537491415E+00  0.311843793750101E+00  0.926820328340984E-02
0.211065314964602E+00  0.282914073059310E+00  -.135329543036926E+00  0.926820328340984E-02
0.139478116875188E+00  -.235671570483971E+00  -.260591233377619E+00  0.926820328340984E-02
-.351152438086718E+00  -.393709046796496E+00  -.893580788950315E-01  0.736991773285207E-02
-.165385817182163E+00  0.827395470734238E-01  0.502097015916781E+00  0.736991773285207E-02
0.154347458254285E+00  0.507334454880611E+00  -.713325142477006E-01  0.736991773285207E-02
0.362190797014597E+00  -.196364955157538E+00  -.341406422774049E+00  0.736991773285207E-02
-.770460113096787E-01  0.195922310263181E+00  0.677578521633981E+00  0.377481946954251E-02
0.208196703510891E+00  0.628414705885943E+00  -.255310365184742E+00  0.377481946954251E-02
0.440124747653508E+00  -.405545916428320E+00  -.381125974801685E+00  0.377481946954251E-02
-.571275439854720E+00  -.418791099720804E+00  -.411421816475536E-01  0.377481946954251E-02
0.260433202996947E+00  0.359287886166206E+00  -.303135584696874E+00  0.751324539099253E-02
0.180935835193473E+00  -.420860874366615E+00  -.280967558712309E+00  0.751324539099253E-02
-.454944126257156E+00  -.246986952261602E+00  0.144318080901818E+00  0.751324539099253E-02
0.135750880667361E-01  0.308559940462010E+00  0.439785062507364E+00  0.751324539099253E-02
0.731991676690100E+00  -.426849887684147E+00  -.582473581982354E-01  0.152870308189605E-02
-.735658684682056E+00  -.195082283801005E+00  -.377033948465490E+00  0.152870308189605E-02
0.198883128741072E+00  -.110590931813380E+00  0.818303454104550E+00  0.152870308189605E-02
-.195216120749116E+00  0.732523103298533E+00  -.383022147440824E+00  0.152870308189605E-02
-.405413828328330E+00  0.488252828288491E-01  -.236794496122046E+00  0.878500314027193E-02
0.244990849440908E+00  -.114356647619597E+00  0.386934044343830E+00  0.878500314027193E-02
-.221531186650650E+00  0.313141590336359E+00  -.275103965037973E+00  0.878500314027193E-02
0.381954165538072E+00  -.247610225545611E+00  0.124964416816189E+00  0.878500314027193E-02
-.490436446389203E+00  0.937304385599474E-01  -.364733406626792E+00  0.416918544459742E-02
0.326391164095372E+00  -.217918886123154E+00  0.477832531375173E+00  0.416918544459742E-02
-.351918873394745E+00  0.392603632070628E+00  -.323046831903082E+00  0.416918544459742E-02
0.515964155688576E+00  -.268415184507422E+00  0.209947707154701E+00  0.416918544459742E-02
0.885749742915851E-01  0.307322656121532E-01  0.935973680654156E+00  0.118546931356233E-02
-.176725644098170E-01  0.851753011909534E+00  -.398799719493279E+00  0.118546931356233E-02
0.746476028268474E+00  -.512849186727270E+00  -.254157392163598E+00  0.118546931356233E-02
-.817378438150242E+00  -.369636090794417E+00  -.283016568997279E+00  0.118546931356233E-02
0.682386235600645E+00  -.316435022436519E+00  -.536978097355854E-01  0.227873013244405E-02
-.615233885877447E+00  -.194875548533441E+00  -.390097858215020E+00  0.227873013244405E-02
0.138849767332336E+00  -.157705804925050E+00  0.724234198265117E+00  0.227873013244405E-02
-.206002117055535E+00  0.669016375895010E+00  -.280438530314511E+00  0.227873013244405E-02
0.177773946734008E+00  -.260671121644238E+00  0.320337373473089E+00  0.740465485039069E-02
-.314634786743897E+00  0.294143241006894E+00  -.129049398994612E+00  0.740465485039069E-02
0.412052912435407E+00  -.798655742724957E-01  0.161254240378078E+00  0.740465485039069E-02
-.275192072425518E+00  0.463934549098396E-01  -.352542214856555E+00  0.740465485039069E-02
0.584045728874469E+00  -.336892651929692E+00  0.229938388475151E+00  0.761006833886989E-03
-.583780459356657E+00  0.104337287590434E+00  -.394704751082226E+00  0.761006833886989E-03
0.382248971293607E+00  -.220997853328855E+00  0.559037930380665E+00  0.761006833886989E-03
-.382514240811419E+00  0.453553217668113E+00  -.394271567773590E+00  0.761006833886989E-03
-.112000897116721E+00  -.128718849277959E+00  0.361202239502218E-01  0.136571687344629E-01
-.554733448622522E-01  0.878394893204738E-01  0.140086922367216E+00  0.136571687344629E-01
0.103807901638108E+00  0.133449077423005E+00  -.428097767460653E-01  0.136571687344629E-01
0.636663403408648E-01  -.925697174655201E-01  -.133397369571372E+00  0.136571687344629E-01
0.435992374911413E+00  0.746024182382832E-01  -.205954008612702E+00  0.798629879474545E-02
-.153388598077602E+00  -.332469195353037E+00  -.322502864440964E+00  0.798629879474545E-02
-.211232470112700E+00  -.204367609776855E+00  0.389469702410492E+00  0.798629879474545E-02
-.713713067211112E-01  0.462234386891608E+00  0.138987170643174E+00  0.798629879474545E-02
-.394809961674662E+00  0.150256071707918E+00  0.443717734054100E-01  0.186463375420434E-02
0.327530556009244E+00  0.130763249365471E+00  0.236739001209018E+00  0.186463375420434E-02
-.505209821727249E-01  0.106855868600841E+00  -.407982966438119E+00  0.186463375420434E-02
0.117800387838143E+00  -.387875189674230E+00  0.126872191823691E+00  0.186463375420434E-02
-.182137614819257E+00  -.484952096817488E+00  -.277554493312546E+00  0.555105974033227E-02
-.328912028052847E+00  -.128276935884488E+00  0.469841515002624E+00  0.555105974033227E-02
0.533649288308294E-01  0.559299041737178E+00  0.172412035486114E+00  0.555105974033227E-02
0.457684714041275E+00  0.539299909647975E-01  -.364699057176193E+00  0.555105974033227E-02
0.754725321698564E+00  -.534784546413681E+00  -.377605127527763E+00  0.135760163607673E-02
-.840499663594868E+00  -.484749204468756E+00  -.238262416035278E+00  0.135760163607673E-02
0.444706263194154E-03  0.987869274860223E-01  0.994198873377634E+00  0.135760163607673E-02
0.853296356331095E-01  0.920746823396415E+00  -.378331329814593E+00  0.135760163607673E-02
0.483353773368833E+00  0.584345653653676E-01  -.641880057199557E-01  0.260518025507158E-02
-.191071068618906E+00  -.209788341965615E+00  -.400807019711209E+00  0.260518025507158E-02
-.861464992505869E-01  -.287762292001615E+00  0.388506386957126E+00  0.260518025507158E-02
-.206136205499340E+00  0.439116068601862E+00  0.764886384740386E-01  0.260518025507158E-02
0.111775551467340E-01  0.687902858571347E+00  -.100536859559550E+00  0.714357980266690E-02
0.590152573285354E+00  -.212664218869992E+00  -.299894666436196E+00  0.714357980266690E-02
-.479248902660064E+00  -.417661740084575E+00  -.281641795315317E+00  0.714357980266690E-02
-.122081225772024E+00  -.575768996167797E-01  0.682073321311064E+00  0.714357980266690E-02
0.551290898403922E+00  0.141935125532112E+00  -.401292907637737E+00  0.857659179478985E-03
-.152726024801819E+00  -.561142410196613E+00  -.383271690932345E+00  0.857659179478985E-03
-.409600569970186E+00  -.223740074794896E+00  0.516982576354409E+00  0.857659179478985E-03
0.110356963680826E-01  0.642947359459398E+00  0.267582022215673E+00  0.857659179478985E-03
0.717473001999370E-01  -.494317757120832E-01  0.102539029914726E+01  0.918927810173627E-03
-.786828236208072E-01  0.954274212929894E+00  -.377075829145061E+00  0.918927810173627E-03
0.865767122384092E+00  -.491842428535963E+00  -.259912978536974E+00  0.918927810173627E-03
-.858831598963222E+00  -.413000008681848E+00  -.388401491465230E+00  0.918927810173627E-03
-.192744205804746E-02  0.983089061291320E+00  -.246513526231633E+00  0.112414416797443E-02
0.852343822289904E+00  -.395706953689817E+00  -.379687702572064E+00  0.112414416797443E-02
-.768864185494486E+00  -.538072307634755E+00  -.382835202272728E+00  0.112414416797443E-02
-.815521947373707E-01  -.493097999667480E-01  0.100903643107642E+01  0.112414416797443E-02
-.213431046132829E+00  -.120567937767661E+00  0.783609183762097E+00  0.210872598395157E-02
0.230062607771870E-02  0.820500715781362E+00  -.301010708966228E-01  0.210872598395157E-02
0.709424150651116E+00  -.165793814642170E+00  -.378632509759188E+00  0.210872598395157E-02
-.498293730596006E+00  -.534138963371531E+00  -.374875603106287E+00  0.210872598395157E-02
0.110127690149144E+00  0.711656622997991E+00  -.553398543413507E-01  0.160512373492829E-02
0.561248869213133E+00  -.202575477975612E+00  -.406950413690593E+00  0.160512373492829E-02
-.456059944717221E+00  -.511932542701738E+00  -.227112648746104E+00  0.160512373492829E-02
-.215316614645056E+00  0.285139767935811E-02  0.689402916778047E+00  0.160512373492829E-02
0.714703433541094E+00  -.405263344750845E+00  -.380298514956449E+00  0.260200366378990E-02
-.708320068547430E+00  -.497322097482214E+00  -.265743765385018E+00  0.260200366378990E-02
-.765335360092434E-01  0.368157826221149E-01  0.901362054342202E+00  0.260200366378990E-02
0.701501710155789E-01  0.865769659610944E+00  -.255319774000736E+00  0.260200366378990E-02
-.147895216925555E-02  0.315015081155319E-02  0.113005700746584E+01  0.667663737526409E-03
0.346758671318501E-02  0.106532987572322E+01  -.376963105099466E+00  0.667663737526409E-03
0.920868942430235E+00  -.533960209178977E+00  -.379378223878571E+00  0.667663737526409E-03
-.922857576974165E+00  -.534519817355796E+00  -.373715678487800E+00  0.667663737526409E-03

