

### nmax = 12; sym_type = 3; error = 1.332E-32
### number_of_nodes = 121; inside = true; positive = true

const xs12 = @_static [
        6.8030267686608283944922522903932238E-03,
       -7.4932494445668016446548401881681071E-02,
        4.5559512440177328729049356296187516E-01,
       -3.8746565672476609923843741337058755E-01,
        4.5104393192214535972875697334940074E-01,
       -1.3180760648110467137459267869445695E-01,
       -1.5298856924755319354899952664199535E-01,
       -1.6624775619348749480516476801294843E-01,
       -9.9949110568310526782349032546685201E-02,
        2.5953173398522709863173457738234878E-01,
       -4.2745614610339342086801283278761329E-02,
       -1.1683700880657722976258426155690226E-01,
       -3.9489687198487609314451466524902133E-01,
        2.9629474556178262905301942564432710E-01,
       -2.5535284370583200823819279715891547E-01,
        3.5395497012892547232968803676360989E-01,
       -2.4287739588896538771629800289414901E-02,
       -1.0818201462157125178334554290264720E-02,
        6.5924661345406550229865714882458024E-01,
       -6.2414067240301183834869279424490071E-01,
       -5.6874119451466938731552023779701760E-03,
        3.0473114650299903582774731425262456E-01,
        3.9782815728161796190207357113368749E-02,
       -3.3882655028601413814479946898802311E-01,
        2.8845492659057419872199406321975619E-01,
        2.2629912711982544926585668544823738E-01,
       -3.6998156621504618988844818366311588E-01,
       -1.4477248749535345809940256500487782E-01,
       -6.6647897200016493750006200224752692E-02,
        1.4422770963709891235587910322710394E-01,
        4.4193995797117864577499326714456016E-01,
       -5.1951977040826106438086617014691141E-01,
       -2.7347341142055679265743209668332533E-01,
        1.1126927918845875700983587012039571E-01,
       -2.7494694641705384085548758152256514E-01,
        4.3715107864915187650308380808549495E-01,
       -1.4732504531605049249127105149464980E-02,
        8.0284927083275623856368585270335999E-01,
       -6.8842006251991969472501394927314541E-01,
       -9.9696703781231494589544798280749484E-02,
        6.4417363256610643478631672497785819E-01,
       -3.5234645454358041709859473095593288E-01,
       -3.1057998989262758484808365730662086E-01,
        1.8752811870101567160361663284695548E-02,
       -1.2644911126378197116946433834027752E-01,
        9.4647045122311045128645026025950214E-02,
        2.3165960533661355907616618831622411E-01,
       -1.9985753919514263303534687600189680E-01,
       -5.7482458967817752702872652554033978E-02,
        1.7163012796970938487248927787412640E-01,
       -2.7084996633200962660859380755102329E-01,
        1.5670229733011799443897718223093089E-01,
       -4.8013716665259873409752054269952996E-01,
        9.9971101728265589877537390541603482E-02,
        8.8212259286590983334584677906848531E-02,
        2.9195380563774216088539847425107808E-01,
        6.8750420715836899222059008964428968E-01,
       -5.8077442308686962766757437849685793E-01,
        7.9674855641783143303962705636514096E-02,
       -1.8640463971328250785697841678394584E-01,
       -6.8180613022728137568660924152552824E-01,
        2.8899565946683628369307978892968859E-01,
       -2.6926029503493400901773151012442729E-01,
        6.6207076579537910101126096272026708E-01,
       -1.2844913225886558094956424342771568E-01,
        9.9359586149221936996632655981396486E-02,
        6.6900656198171936433482297228066146E-01,
       -6.3991701587207572038189138483434227E-01,
        4.4606371968736677336424561435006149E-01,
       -2.7376358000212478732991888794417313E-01,
       -2.6194725782019092889332671210063584E-01,
        8.9647118134948942858999985694747480E-02,
        1.0419910363698642760214252929247990E-01,
       -2.0688718711024014966461112244651488E-02,
       -3.2260445245781895568471987575314357E-01,
        2.3909406753185654304903845870531508E-01,
       -8.9877124096608593094375132782582329E-02,
        8.1184013547796788531076834517665290E-01,
       -8.1248604742591311463590313195833161E-01,
        9.0523036044553822419509919564261082E-02,
        5.0357902380655771572245410412237766E-01,
       -4.5754057225599252144769505485097343E-01,
        3.6908761738863817981411482083753047E-01,
       -4.1512606893920337408887387010893465E-01,
       -8.9036426009955459119489992789196790E-03,
       -1.5356994531701226130575635184242874E-02,
        9.4808548479847780362187698884036054E-01,
       -9.2382484766578103157935235437719818E-01,
        4.6249536468156603804132769040897378E-01,
       -6.7979885811453822512525596921355415E-01,
       -3.2142322454466208152944314908452128E-03,
        2.2051772567841880789922271029542542E-01,
       -8.4970447504252852394000980562194578E-01,
        3.8571529502839023687525480192643523E-05,
        5.5796644556768608887364017084061800E-02,
        7.9386925895625707602895826305769157E-01,
        2.7457582094519872971004528391211831E-01,
        1.4780451786010879431668500585352234E-01,
       -5.1932679250168459450040906533658360E-01,
        9.6946453696377070473678775570942809E-02,
        5.9810274750005546452669616891138904E-01,
       -3.5656164618515896147658217180611136E-01,
       -1.8707951383500468461299990897360226E-01,
       -5.4461587479891818437114088131675417E-02,
        5.6364330229393971857320967165902714E-01,
       -5.8214865499038295074262614852335329E-01,
        2.0292646869051782791374826076169813E-01,
       -1.8442111599407459574433178389737196E-01,
        5.7414565887897565393377843157377114E-01,
       -6.9973058721379803279194756170647223E-01,
        1.0410591813419263545014653646294214E-01,
        2.1479010200629743408022593669758958E-02,
        2.9608791805682958898292590036642140E-01,
       -1.2360714213291566648552532129707933E-01,
        3.3534798042197895957216746070396262E-01,
       -5.0782875634589288206956803977330440E-01,
        4.3421929679890892023320331615578861E-01,
        4.1498054643171233049526648265570221E-02,
       -4.5905875238025820104430033445237710E-01,
       -1.6658599061821952238429629968981785E-02,
        0.0000000000000000000000000000000000E+00]
const ys12 = @_static [
       -8.2596862342322574256590518845424347E-02,
        4.8281363959043312380506700231178625E-01,
       -1.8436883470871283020422367902487342E-01,
       -2.1584794253939771934425280444148865E-01,
        1.0821202134538577374969249627991551E-01,
       -2.5275514035912712016648231840004485E-01,
       -2.8029436521897309637208930781927798E-01,
        4.2483748423271444278887912993940723E-01,
        2.4197578706736466976806417469879199E-01,
        1.0048233227571037252246164965265117E-01,
       -1.5959094907353149856622115087395149E-01,
       -1.8286717026954354372430467347749170E-01,
        1.1413788687652435173991127427304059E-01,
       -1.2379021499423021541438407533782592E-01,
        2.6128396151798359085358131228784310E-01,
       -2.5163163340027772717910851122305771E-01,
       -2.6514316042304985790420347686164737E-02,
        7.5498652795378374067923490064136112E-01,
       -3.4007936070809194692091091475621752E-01,
       -3.8839285120338680796790363819897900E-01,
        3.4858959011041682174423860851616581E-01,
        2.2187384820352076077270848528342660E-01,
       -3.6827458066266957570665355559693091E-01,
       -2.0218885765126800681029353820266148E-01,
        4.2784725343615887918684705999981995E-01,
       -2.9656405173890397050014389343549868E-01,
       -3.8077782610284436473727678622092545E-01,
        2.4949462440558945605057361965660394E-01,
        1.2806063257781245033274207843625518E-01,
        5.9357821438420601469696044565658143E-01,
       -3.4473560488877231018493280356325306E-01,
       -3.7690324207324615484476972052958355E-01,
       -2.9407251115879166709038137213942491E-02,
       -2.5324003876151100505084970513462178E-01,
        3.4603789234249455391232058911138490E-01,
       -6.3390602465104382152432746762820488E-02,
        9.1854466981081359360621060314977154E-01,
       -3.3139377418884269341987466873058956E-01,
       -5.1257934594223940271886825737282821E-01,
       -7.4571549679731497467467677046353774E-02,
       -3.4940820590592155741346334605019048E-02,
       -5.6205420191758596235690960402603386E-01,
       -1.5765955880688868696365338620745145E-01,
        7.5465458131506680506190932483850440E-01,
        3.6283565531804415786151403789168298E-02,
        3.2214196798228154539557441671060125E-01,
       -9.7026872606327259028728820028910858E-02,
       -2.6139866090775870215299700047085872E-01,
        1.6499388800997206578041357351808325E-01,
       -2.1365990135921203489507605472070070E-01,
        2.4568926120565964479249371818761186E-02,
        2.4097087228674004635413109383856320E-02,
       -1.6177063742682688634945029418896046E-01,
        1.5957708578387433866827624730101409E-01,
        3.8804858819671060289797280695885154E-01,
       -3.8585503655375805521679876007090510E-01,
       -2.7368979994342299362854426815461833E-01,
       -2.4330967080279764220813616813247956E-01,
       -1.6924123848088965135637185657186270E-01,
        6.8624070922711028719305229285896057E-01,
       -5.9937509246235246411957629297895987E-02,
       -1.4406328585318305976780368416549847E-01,
        6.0903596588859039229627805098638773E-01,
       -4.0503517078917208611651673752299323E-01,
        4.0570426532816308199935169922517041E-02,
        8.2986752110936655466784538153265416E-01,
       -3.5266140409575815135737864072974708E-01,
       -5.1777654354642471151040191072542408E-01,
       -5.8579944579857813009300973175431096E-02,
       -4.6052811624048546559546260088432744E-01,
       -4.7719744241397627906568975775610421E-02,
        5.6682780506174090651133254983536894E-01,
        3.6270105900135502196499572611774796E-02,
       -3.8445617225358536470712172960376006E-01,
        8.9826281034026271938964196841537181E-02,
        2.5835978531942359057165796015044803E-01,
        8.8554165972312764543405559838795911E-01,
       -4.6946195563118495589688976350749891E-01,
       -3.6456203973779529165278173240942985E-01,
       -5.1517664354147397884384102471030259E-02,
       -2.3758086016138034133914829113393340E-01,
        1.6202449795060300462724952453181706E-01,
       -2.6625346004547256945485572799876970E-01,
        3.4180982225624990616675449460088604E-01,
       -2.2873250306095625660704280096850720E-02,
        1.0858884547995346974103619891137629E+00,
       -5.1936363910462938179065827026619657E-01,
       -5.4365156538880968995899943875071576E-01,
       -5.1794228415660142202442522235280750E-01,
       -3.9619352943152201886867278807508072E-01,
        2.5277619871089171531002493233934964E-01,
        6.6135961487723172558307307808853854E-01,
       -4.9053256883155045101900209574698865E-01,
        6.4450684792397966688355729901312030E-02,
        9.4889546847425571794972620965626575E-01,
       -5.2281358443510323361907984381058903E-01,
        3.2919638048362629374927944148025581E-01,
       -5.1433194872248838582723319558665020E-01,
       -1.8788934117106674092210972370625607E-01,
        3.7302490940992883300006347781265053E-01,
       -6.6407142543183459228405087096467376E-02,
       -4.2188177775270616919384333081764147E-01,
       -1.7089723205652405936818499778136997E-01,
        6.5918615235241368779043341569547891E-01,
       -3.4678775302781663987360955629430370E-01,
       -1.0178438001873490786503390628642629E-01,
       -9.5791510602689698282246469425042147E-02,
        5.4436364364924124602088993200577219E-01,
       -4.7649613506837076284225501889080910E-01,
       -2.8377848317008268131278545785928726E-01,
        8.4907404501529860603518256074212309E-02,
        6.7536721373692358355152222067588409E-01,
        2.8217205625508033058945258931565613E-02,
        3.1586187675345461334541817511347067E-01,
       -3.9277689158824135435429329877079959E-01,
        4.8697809209278707949929864725763591E-02,
        2.9861445393234149162637691524227111E-01,
       -5.0611647550211094832265104864923075E-01,
       -2.8427338756592573221252911350140654E-01,
        4.9177540913569518890880324690836618E-01,
        0.0000000000000000000000000000000000E+00]
const zs12 = @_static [
        4.9958299057509676271286061200856878E-01,
       -1.3314577731027823301005304320740613E-01,
       -1.2203648111713550781258897406463819E-01,
       -2.4440073214768302189021859473652458E-01,
       -1.1085451146825204308168615786682583E-01,
       -3.8233596050602950125215994372574821E-01,
        3.5421569601922991881097417647637564E-01,
        1.3897477595505162552287192511619845E-01,
        1.1875024764979115846646249399482615E-01,
       -7.2043788782994690060485325980944828E-02,
       -2.3526000287458027669740514406204730E-01,
        1.8855354400778380829142797604816602E-01,
       -2.3203441192328234306467764085967157E-01,
        3.4597163390200375180673838119695130E-01,
       -2.9889225768740674851572615445932909E-01,
        1.8495503570868533977366541412204953E-01,
        7.8866045613810295418090813636641874E-01,
       -2.3055699393187924099232528675555109E-01,
       -2.7021870659747323733976218929946556E-01,
       -2.8788475560875047584882066031140219E-01,
        2.9521386255069760358238386368670454E-01,
       -2.5808757712143595023388560371698112E-01,
       -2.6737508193651551676613388454391931E-01,
        2.3024879650725386341763562457419589E-01,
       -1.5059933151455809377554976505400710E-01,
       -3.8701181361927423357995937218623387E-01,
        8.4033109006649842741531998888056112E-02,
        4.5357803612718248461397713835218476E-01,
        6.3181623868702554789538115965357529E-01,
       -2.1655599383837920878672872430333106E-01,
       -3.2539155421805127348633159881058922E-01,
       -8.9868690630595065622320836539654940E-02,
       -3.5753392920915855727032961281404636E-01,
        3.5633079292264136866012954804096218E-01,
       -9.0249417876410563210987743152740362E-02,
        9.1452554162927751821187807925824589E-02,
       -1.9362977608836422573822160636187564E-01,
       -3.5643381162264384773044917024534221E-01,
       -3.8049189077975935293837380917901934E-01,
        9.3055547849076742640704458578623726E-01,
       -4.0508814095767745987875075504822987E-01,
       -3.7446492740823984868294571318201800E-01,
        6.7746620961979850421787700395701165E-01,
        1.0208685874611880434381946427323618E-01,
        3.0938026877778243245044626461548847E-01,
       -1.6985726073143476419016044751736395E-02,
       -2.2347626008959865574064816260478746E-01,
       -6.8918282615040300290782057258964561E-02,
       -2.1505381011552830939241230996881127E-01,
        4.0839969871594238763610896417910332E-02,
       -5.3028492549488758746587944158884245E-02,
        2.2724233279342282937538935770978515E-01,
       -6.3516025662622139367756936621291921E-03,
        4.7040696561784646432357338583067666E-01,
       -3.1365374427849886225434455880895126E-01,
       -1.5040161877308538813245313335959617E-01,
       -9.5946542655444850765647606449270567E-02,
       -4.0034404464536442101198198093893359E-01,
        7.2234562439110628122810886522486172E-01,
       -2.2605503709029700945047927783665759E-01,
       -3.7215738464886591168842309289035676E-01,
        7.0899964855939068974885026351434337E-01,
       -4.0438509981288763471958278377294844E-01,
        6.7542835902362856659155613148961926E-02,
        8.4804997943141507386677124973282601E-01,
       -1.9693013164263136134487993698413606E-01,
       -4.0668668626762541215182526443506287E-01,
       -2.4443316152115830037006604831362699E-01,
       -3.6224083664431875724225085681514978E-01,
       -2.1584770574989924609781006582571235E-01,
        5.1257129825137788324013446371372820E-01,
        6.5517244142840120099926458927133956E-02,
       -3.6946131079946545970697037990108664E-01,
        2.0977666520261938635731967590147540E-02,
        1.9113409023092833998569898045103481E-01,
        1.5734955404827518108553943185990424E-01,
       -3.6891560704869673336923611542284044E-01,
       -2.2109210819754573190530476345839910E-01,
       -3.6786083725454143916873618819543781E-01,
        9.5786855250078390444327706707667740E-01,
        2.8404312919063077854027803414114014E-01,
       -3.9385490269502330923732535233535820E-01,
        4.2848619963492934352932008806015716E-01,
       -3.1867442613053681283227276986593905E-01,
        1.1449890047485265612909754328536792E+00,
       -3.6361065424184855106508037335255100E-01,
       -3.7815024172487916878393712029036445E-01,
       -4.0322810878179884144195793921076401E-01,
       -3.7017711584845480241603681895233447E-01,
       -1.0073177747680459919617461801176042E-02,
        7.4517859016716043795650399495142548E-01,
       -3.6492829657102517562084971419791501E-01,
       -2.7852225155188442995917322872206624E-01,
        1.0178608197309384706371574409445945E+00,
       -3.6970077761148724131416560030385568E-01,
       -3.6963779056756679936381861191867233E-01,
       -4.0326583271064316922032093657859640E-01,
       -2.4495293675832319860552967209723658E-01,
        2.0342750125603333595114052619364666E-01,
        4.4479126821293303187471008248218630E-01,
       -2.7608161592336051406063712117826900E-01,
       -3.6501701586181635608646653615463416E-01,
        6.1168068089273229531543412492621314E-01,
        2.9417950892444574831669532406689976E-02,
        3.3171799999027544837541314630880806E-03,
       -2.9784124132017220148304428833121659E-01,
        6.2258441705145679782605475154880328E-01,
       -3.2806035573118735082676459468067468E-01,
       -2.0943045899966098193022696792270994E-01,
       -1.7435538221860910941147181379213570E-01,
        7.6322055263975114991359150309806919E-01,
       -3.7943471142148105857189272138322352E-01,
        4.3066829659727766977742168723507178E-01,
       -3.9861258990912391559930563782591679E-01,
        8.4896955585696233613157222473328609E-02,
       -1.1695266227384998779127327188248345E-01,
       -3.5107754730926608264163384000817510E-01,
       -3.7828092566331297982184456938712497E-01,
        3.3079621675498827349219496363679272E-01,
        3.9856225621759078897128344575850735E-01,
        0.0000000000000000000000000000000000E+00]
const ws12 = @_static [
        1.5044898582857044937979506835236617E-02,
        1.5044898582857044937979506835236617E-02,
        1.5044898582857044937979506835236617E-02,
        1.5044898582857044937979506835236617E-02,
        6.5056755986947980917724229634327800E-03,
        6.5056755986947980917724229634327800E-03,
        6.5056755986947980917724229634327800E-03,
        6.5056755986947980917724229634327800E-03,
        1.5322741524164463941215618345008325E-02,
        1.5322741524164463941215618345008325E-02,
        1.5322741524164463941215618345008325E-02,
        1.5322741524164463941215618345008325E-02,
        8.7278924260590027467090144886866958E-03,
        8.7278924260590027467090144886866958E-03,
        8.7278924260590027467090144886866958E-03,
        8.7278924260590027467090144886866958E-03,
        7.8396163311027635975538679617553883E-03,
        7.8396163311027635975538679617553883E-03,
        7.8396163311027635975538679617553883E-03,
        7.8396163311027635975538679617553883E-03,
        1.3323624933971397629799036855111068E-02,
        1.3323624933971397629799036855111068E-02,
        1.3323624933971397629799036855111068E-02,
        1.3323624933971397629799036855111068E-02,
        6.2739608836479570400804213055069195E-03,
        6.2739608836479570400804213055069195E-03,
        6.2739608836479570400804213055069195E-03,
        6.2739608836479570400804213055069195E-03,
        9.4657034753892472249059196012194623E-03,
        9.4657034753892472249059196012194623E-03,
        9.4657034753892472249059196012194623E-03,
        9.4657034753892472249059196012194623E-03,
        1.1850495526341498066043182344018397E-02,
        1.1850495526341498066043182344018397E-02,
        1.1850495526341498066043182344018397E-02,
        1.1850495526341498066043182344018397E-02,
        2.8318669719068439895036148431873537E-03,
        2.8318669719068439895036148431873537E-03,
        2.8318669719068439895036148431873537E-03,
        2.8318669719068439895036148431873537E-03,
        1.5017869275112042678324532301111689E-03,
        1.5017869275112042678324532301111689E-03,
        1.5017869275112042678324532301111689E-03,
        1.5017869275112042678324532301111689E-03,
        1.7724450153412401583993181211544159E-02,
        1.7724450153412401583993181211544159E-02,
        1.7724450153412401583993181211544159E-02,
        1.7724450153412401583993181211544159E-02,
        2.0170656032617837956343742308410794E-02,
        2.0170656032617837956343742308410794E-02,
        2.0170656032617837956343742308410794E-02,
        2.0170656032617837956343742308410794E-02,
        1.3364717579044036749527542129363423E-02,
        1.3364717579044036749527542129363423E-02,
        1.3364717579044036749527542129363423E-02,
        1.3364717579044036749527542129363423E-02,
        3.9495248774117759296060577017924966E-03,
        3.9495248774117759296060577017924966E-03,
        3.9495248774117759296060577017924966E-03,
        3.9495248774117759296060577017924966E-03,
        1.5220380475645877432393517928824910E-03,
        1.5220380475645877432393517928824910E-03,
        1.5220380475645877432393517928824910E-03,
        1.5220380475645877432393517928824910E-03,
        2.2875309492322098641644274947360566E-03,
        2.2875309492322098641644274947360566E-03,
        2.2875309492322098641644274947360566E-03,
        2.2875309492322098641644274947360566E-03,
        1.0321036232084753776018931860460772E-02,
        1.0321036232084753776018931860460772E-02,
        1.0321036232084753776018931860460772E-02,
        1.0321036232084753776018931860460772E-02,
        1.1885719280651810011143277447199528E-02,
        1.1885719280651810011143277447199528E-02,
        1.1885719280651810011143277447199528E-02,
        1.1885719280651810011143277447199528E-02,
        2.9918449979344695760744827208899182E-03,
        2.9918449979344695760744827208899182E-03,
        2.9918449979344695760744827208899182E-03,
        2.9918449979344695760744827208899182E-03,
        4.0462341896977638010203366917324788E-03,
        4.0462341896977638010203366917324788E-03,
        4.0462341896977638010203366917324788E-03,
        4.0462341896977638010203366917324788E-03,
        4.8311742798065317505129247425603039E-04,
        4.8311742798065317505129247425603039E-04,
        4.8311742798065317505129247425603039E-04,
        4.8311742798065317505129247425603039E-04,
        4.4566883916717825113090358032214418E-03,
        4.4566883916717825113090358032214418E-03,
        4.4566883916717825113090358032214418E-03,
        4.4566883916717825113090358032214418E-03,
        2.5745109976624966346310087759845020E-03,
        2.5745109976624966346310087759845020E-03,
        2.5745109976624966346310087759845020E-03,
        2.5745109976624966346310087759845020E-03,
        3.8186824275762391959956138460334773E-03,
        3.8186824275762391959956138460334773E-03,
        3.8186824275762391959956138460334773E-03,
        3.8186824275762391959956138460334773E-03,
        7.9235066130236900396908552721492483E-03,
        7.9235066130236900396908552721492483E-03,
        7.9235066130236900396908552721492483E-03,
        7.9235066130236900396908552721492483E-03,
        8.8996321841359862112111371437786504E-03,
        8.8996321841359862112111371437786504E-03,
        8.8996321841359862112111371437786504E-03,
        8.8996321841359862112111371437786504E-03,
        5.6908740205365779141668579655352517E-03,
        5.6908740205365779141668579655352517E-03,
        5.6908740205365779141668579655352517E-03,
        5.6908740205365779141668579655352517E-03,
        5.0819631804551164570501158462185877E-03,
        5.0819631804551164570501158462185877E-03,
        5.0819631804551164570501158462185877E-03,
        5.0819631804551164570501158462185877E-03,
        4.9651304226160378471790628341815808E-03,
        4.9651304226160378471790628341815808E-03,
        4.9651304226160378471790628341815808E-03,
        4.9651304226160378471790628341815808E-03,
        1.9424556834237571824547002431884828E-02]


### nmax = 13; sym_type = 3; error = 1.018E-32
### number_of_nodes = 145; inside = true; positive = true

const xs13 = @_static [
        2.6585707533513791313628368680787317E-01,
        1.3270617050379359841226020211647828E-02,
       -4.1722042307775417704360212910446572E-01,
        1.3809273069223690406609242208494477E-01,
       -5.4582772483272970294873119408677485E-01,
        1.4296768033309548947583241451119460E-01,
        5.5872834253493240161249327767975685E-02,
        3.4698721024614097331164945180760464E-01,
        5.2120224784902042585986856930357787E-01,
       -3.6117912510959900939448881179368140E-01,
        8.6167762838662438093070010643759893E-02,
       -2.4619088557808385455844976815365632E-01,
        2.6972055695907586655396767078269283E-01,
        2.9756144306305873087772491342645875E-01,
       -4.8421295097950227664146502758606184E-01,
       -8.3069049042632320790227556623089737E-02,
       -3.8775432796863784231960670679237629E-01,
        3.4680181820178210988270330053859287E-01,
       -1.0548273444750935034655919842787823E-01,
        1.4643524421436508278346260468166198E-01,
       -6.3383296865727604205177289642641306E-01,
        4.5778711595547332911597579221674892E-02,
        2.0826813180684421484713889107621191E-01,
        3.7978612525488449429303642612852645E-01,
        4.2327560261220150237466672127731124E-02,
       -3.2969054787622192280386297963670904E-01,
        2.1781564044814337300310158804350485E-01,
        6.9547347166858399563294719465473106E-02,
        5.3081074103645667581539261904651010E-01,
       -5.2285911385292410053874844632106716E-01,
        1.4489003886960145556147246308241351E-01,
       -1.5284166605313403083811663580785646E-01,
       -8.0296077477465602343278631711626535E-03,
       -1.7799288996557145320160987670895398E-01,
       -7.0261263204665583042909649160838970E-04,
        1.8672511034536466926636683637172507E-01,
       -1.5325639131239389840413479879556889E-01,
        1.6284644715360941368187062627929916E-01,
        2.1648906370864942655980259178430355E-01,
       -2.2607911954986494183753841926803384E-01,
       -3.5988945120683986463004340543977231E-01,
        8.9444142918954008017470394352405608E-02,
       -9.4180922336926264548966961411512059E-03,
        2.7986340052157848306746970722851809E-01,
        4.4793874331742356963991196701712457E-01,
       -5.2832629281744073431040712049329920E-01,
       -3.2008648210740837927306807763205159E-02,
        1.1239619771075800259780196123937976E-01,
        6.3018643381793557095936308994680026E-01,
       -4.1177483608260792475146872017145062E-01,
       -1.3407168832155009653430631518835374E-01,
       -8.4339909413777549673588054586995904E-02,
       -2.2242859715133081039725919858687799E-02,
        2.9891332770864954190930566197187993E-01,
        3.6506316891630919405030951695573467E-01,
       -6.4173363690982565491988925906892681E-01,
        1.2279299245607318358866034156412740E-02,
        3.0914795912834982818882005060681182E-01,
        5.4639203413841180821594139852565842E-02,
       -3.7606646178779832736928022461579042E-01,
       -1.4258932980879877236690266078533046E-02,
       -2.6047123100737306356261063734875917E-02,
        6.7283867612075234048631983907730445E-01,
       -6.3253262003913515689336850926389558E-01,
        5.7511927100605303628104551537113342E-02,
       -1.4126320995486682111842739373351708E-01,
        7.5302951077459311303128775154325067E-01,
       -6.6927822792033159554096490934684703E-01,
        6.5792795907601862364537750901026692E-01,
       -6.6622216409472966185730481516551284E-01,
        2.5834749087738431216354499816502081E-01,
       -2.5005328585867327395161769200977484E-01,
       -2.0374923878346543860491402468013718E-01,
        2.8017748971876816423299018559949278E-01,
       -1.6708362664643699456731938431980628E-01,
        9.0655375711134268939243223400450670E-02,
       -2.3077276433022066138522811617184261E-01,
        2.3910355927196070335370513568316608E-01,
        2.7903449353653623986593952151030016E-01,
       -2.8736528847827628183441654102162349E-01,
       -3.7105491024618098255029905732636054E-01,
       -4.4464070591878283201587768340411579E-02,
        4.8426572334007896385793239053668738E-01,
       -6.8746742502019698106045564869915047E-02,
       -4.7908603401634148084878641503846421E-01,
        2.8869636734063737253076057732027721E-02,
        4.4838706135423226397968071475598677E-01,
        1.8293359280454796160296425504500355E-03,
       -4.0611548644398297185151269928138734E-01,
        3.4745246544885528302969136963682365E-01,
       -2.7757355903872680208881167567017915E-01,
        3.3623658003385449091063300531474264E-01,
       -2.5772990582531748435357949807018632E-01,
        6.1623521082703818912011965107889547E-03,
        6.6933004072543667768895723039840309E-01,
       -4.1776248700838957522657892883900573E-01,
        9.2260007738461565736460550979383490E-02,
       -9.2043147908275298035901733202451599E-02,
        8.3347430718691719597819529560601838E-01,
       -8.3369116701710346367875411338295007E-01,
        5.7815526959845583765098730279143548E-01,
       -5.1854930705916625647814825507017856E-01,
        2.3364510048042117640122389543332317E-01,
       -2.9325106301971075757406294315458009E-01,
       -2.1000017688194077530029768788206769E-02,
        6.5998212854585693436776006844917659E-01,
       -7.3980934188971388988698516466680088E-01,
        1.0082723103205103304925486500583106E-01,
       -1.6960918091758042713323198771414258E-01,
        3.9803425982567617921763236652765312E-01,
       -6.0976757228129442935057124817222864E-02,
       -1.6744832167996630914934325399628780E-01,
       -9.1945775489603008378391184252921705E-02,
       -5.0065343231305314436100297096814061E-02,
        4.4822000515038223372803021054451375E-01,
       -3.0620888642947391091353872919477822E-01,
       -2.4046160276856456537389295448390617E-01,
        6.9190772199950130263256862366883455E-02,
        4.9271440691230284491460080039415075E-01,
       -3.2144357634368840980396470827712789E-01,
       -5.6169816432902923613427254424290374E-03,
        8.1913005555491782403913942050148512E-01,
       -7.2300241574520739131897675061288437E-01,
       -9.0510658166420140358819944446171720E-02,
       -1.1161544765023619656091273597543307E-01,
        1.0309326223516783710882199179570658E-01,
        6.4002091703500984043993802026706350E-01,
       -6.3149873161994148098784727608733711E-01,
        4.6396177595916836917266556592512758E-01,
       -5.8126749105374459908773833927449809E-01,
        2.6275322513615487467067470515404349E-01,
       -1.4544751004157864475560193180467297E-01,
        4.7820474925677125351504771139723586E-01,
       -4.4108551220466084199097040840911673E-01,
        4.2520205738094976910607211693109363E-01,
       -4.6232129443306018063014941991921276E-01,
       -1.7681995148325162656744946034091889E-03,
        4.7835523979969886266387070609938829E-03,
        9.0303192017721676424759515645420504E-01,
       -9.0604727306038123660855936891178973E-01,
        2.0542228988689230060067857526402110E-04,
        1.0583565821636451654095438417081353E-01,
        6.9438847150569025464716456955088797E-01,
       -8.0042955201194166348871963229696572E-01,
        0.0000000000000000000000000000000000E+00]
const ys13 = @_static [
        1.6881624266340641218205585105022694E-01,
       -4.7410285282435288659382793046171251E-01,
       -8.1426573098763978917032809003530563E-02,
        3.8671318325971045332880488841501604E-01,
       -1.5004892641187938134379303013146791E-01,
        1.4705882051901237674960236732790843E-01,
        4.3292451437857518964983822731537075E-01,
       -4.2993440848570818505564756451181123E-01,
       -1.1613747211753103159044268059336694E-01,
       -1.0902890296696133000458644436817051E-01,
       -2.3452776705070854751605854060158514E-01,
        4.5969414213520090911108766556312255E-01,
        4.9931759467211915709220179383354286E-01,
       -3.8732377593332694947523155979221458E-01,
       -3.7548035324529869353595995088526431E-01,
        2.6348653450650648591898971684393598E-01,
        1.7658218055636562195009546289942819E-01,
        7.8425152837995889400390709571820697E-02,
        1.0818837020389720472421889585144059E-01,
       -3.6319570359825871607470506832268935E-01,
       -3.1308293214985096285199987481198869E-01,
        2.6691767538744742944300177804564491E-01,
        5.5878290526308694859073114251798140E-01,
       -5.1261764850068341518173304575163767E-01,
       -3.5625602482026829607178971766257721E-01,
        6.1164910727280700564897968302012086E-02,
        2.0606227786286642179368988749457916E-01,
        8.9028836230121173713201861865985913E-02,
       -2.9728197603632683698756390016848365E-01,
       -1.3456824424271543371433399363718543E-01,
       -9.2834051134075896861620844839499010E-02,
        5.2468427141311816756351873864516819E-01,
       -2.1016438206557281536615823444136016E-01,
       -1.0357555011995845352509323613514486E-01,
        2.1520593185246956479090144463802589E-01,
        9.8534000333061704100350025938479221E-02,
        9.9556261422179882052412476628269476E-02,
        3.4399947851830813787850263621470287E-01,
       -1.3606366185173742967092085408912707E-01,
       -3.0749207808875059025999425875384527E-01,
       -1.0450107154938877138918033412533718E-01,
        4.0765523818943132335221379235458908E-02,
        3.1772088116853961588421725118369660E-01,
       -2.5398533343809397683025829629381815E-01,
       -3.5144110072143572908954814886167044E-01,
       -3.4198973069984096474042691299497047E-01,
        1.1130374834752580797065305427139165E-01,
        5.8212708307375088585932200758524925E-01,
       -1.1163831771118003613509535656207434E-01,
       -3.9255096314411681593071411447386208E-01,
       -1.7479366415010079395091766516986469E-01,
        6.7898294500539764601672713620580116E-01,
        3.3231345938983210288614516795890802E-01,
        5.9411632790705350328080489139330420E-01,
       -5.3024085719080187007071580007914069E-01,
       -3.9618893010608373609623425927307154E-01,
        3.6406277156926374768409575622903581E-01,
        2.4157857502075204650736654267770865E-01,
       -4.0269818709346302630418614473472973E-01,
       -2.0294315949655276788727615417201476E-01,
       -3.8309025862519837155602077491809517E-02,
        7.6188886802518957367139116367952558E-01,
       -3.4192216612212012141040131841861780E-01,
       -3.8165767604054961510538776776909846E-01,
       -1.2991217799491735717585435645972236E-01,
        7.8796522921285407648888083924077337E-01,
       -3.3805413935167477693424909215134347E-01,
       -3.1999891186626194237877739062970778E-01,
       -3.8943220728045396186759086605002035E-01,
       -8.6329558975142760733702623294630275E-02,
       -1.3957967040198869328545860011805382E-01,
        6.1534143665758541588675208946270442E-01,
        2.0588642036119370040623545796358637E-01,
       -3.1171004532994249634841717908852312E-02,
        8.2140343191207356417715625927429707E-03,
       -1.8292945014732018641316530264747708E-01,
        1.4285629101204133738086288176982160E-01,
        4.6024778422288432861477003036593320E-01,
       -1.7072021336086446041287332871816615E-01,
       -4.3238386187406120558275958341758844E-01,
       -2.6557133856573991633014223521442521E-01,
        5.3351054833391940315624534431555218E-01,
        2.0020904515080150757999040266216568E-01,
       -4.6814825491898099440609351176329238E-01,
       -2.4326466562468814562389594811770790E-01,
        5.3442067368784088950791615308792178E-01,
        2.6098872575500186425135138055905156E-01,
       -5.5214473381815460813537158552926515E-01,
        1.6673266349448210375534706067157466E-01,
       -1.1991256360436705509686696242966128E-01,
        2.2799539095695867701421744057773935E-01,
       -2.7481549084707372567269753881965284E-01,
       -1.4168475920936162135229300911812493E-01,
        7.7643359402761924621469582254243609E-01,
       -9.5952689473708473304454204324302589E-02,
       -5.3879614534454915155794860910000847E-01,
       -5.3015932140568824748904359058507161E-02,
        9.0927209501210367521855972731196313E-01,
       -4.8145702377967239545401714340258444E-01,
       -3.7479913909186245501563822485087139E-01,
       -2.6497106350133795690531319991341082E-01,
       -2.9594458704286893418245992484883337E-02,
       -2.0372209869193950418066467791485325E-01,
        4.9828762089756435450422387031314739E-01,
        7.4995735328731963796625110140971863E-01,
       -4.7321738580175969383164393095245950E-01,
       -3.1070386473302769006511762093574707E-01,
        3.3963897247467745930510450478487989E-02,
        3.6168646785429817496316542919479553E-01,
        1.5939529265710560109437288658141224E-01,
       -2.2855761439453018547734413506321251E-01,
       -2.9252414611687359058019418071299539E-01,
       -1.1089539701310145455399852251626642E-01,
        4.8865464186783212698480860250054610E-01,
       -9.4799625386875983125560499364396033E-02,
       -2.8295961946785468930524958061988379E-01,
       -5.8935949178041046683628901939443064E-02,
        6.0888490188392898860212489483753345E-01,
       -8.6702275198184194510128914029182908E-02,
       -4.6324667750770374740836707886890742E-01,
        9.4260695028810298921957658805596052E-01,
       -3.6192632063454550433397712577612553E-01,
       -5.2193834506907094377487807283895047E-01,
       -5.8742284584486541110721389440884372E-02,
        5.4600636659637210774338077912160994E-02,
        7.9855342017741896966252345574051448E-01,
       -3.5967567665020682967490684179118137E-01,
       -4.9347838018684935076195469186149415E-01,
       -4.0332142861839296280455852814811133E-01,
       -3.2193651905455110695057636230151006E-02,
       -1.6247672888131094333314134738895198E-02,
        4.5176275341197916783293029911715766E-01,
       -2.3323003770285542082784205829271107E-01,
        2.3632020537074320209823680045117680E-01,
       -2.8835212529717300350086315370403827E-01,
        2.8526195762928522223046841154557256E-01,
        4.5027000634629635099002312095207846E-03,
        1.0454932296669477307241755318125330E+00,
       -5.2484755179873418931858935583678279E-01,
       -5.2514837793167650491548640718527096E-01,
        1.2232709213652230946525696913908550E-01,
        8.6291498765304537808223156361187773E-01,
       -5.2335106369686910440017457437460571E-01,
       -4.6189101609269858314731395837635752E-01,
        0.0000000000000000000000000000000000E+00]
const zs13 = @_static [
       -3.9161746344257998451020516528732575E-01,
       -1.6611297852021061268210696767990909E-01,
        2.6802980753295936667514591853815568E-01,
        2.8970063442983123051716621442907923E-01,
       -3.7670646173523015506988732652775548E-02,
        5.2895709540972524624776790156650825E-01,
       -3.6237584679324168222521339601809526E-01,
       -1.2891060244296054851556577289563729E-01,
        2.3411931531768794538566908322126955E-02,
       -3.7861610112838017300629411252757373E-01,
        4.7250360555276068241954915511705061E-01,
       -1.1729943595614930395182195091160384E-01,
       -2.3996647121512093968899987150991655E-01,
       -3.7561766026357470655672082896383165E-01,
        6.4834164862440147955029818033572566E-02,
        5.5074996661625549829069088244017563E-01,
       -4.3269807268345266078273433734646738E-03,
        2.3480077172985680365479515587950806E-01,
       -3.9839939432278505609262741516550432E-01,
        1.6792560331976277904565960265946107E-01,
        3.3692261907812564625107743287192321E-02,
        6.5388040741661715093476522701474165E-01,
       -3.8116449615925570082251647826848637E-01,
       -3.0640817316517401473735649203344755E-01,
        1.4857537558763259205303726011051077E-02,
        1.2842787990743017332905981207292589E-01,
        1.9754849637202725103378435302405973E-01,
       -3.4083391383822068356814789110803670E-01,
       -3.2756769158551052386895614037773395E-02,
       -2.8234616466991350627614645796148229E-01,
        5.8446414568204544179375147535236309E-01,
       -2.6936121185358088313070940335310749E-01,
       -1.4946918094012105695972543318599829E-01,
        1.5545164740056417732237386462253906E-01,
        1.4233935285611248676575950084409153E-01,
       -1.4832181931655560712840793228063230E-01,
        3.3554077805073944262208676480579406E-01,
       -3.3644878212491255649684328356783099E-02,
       -2.8391151723627380277564285006795991E-01,
       -1.7984382601974384196759586381051052E-02,
       -8.5428176495341392272590831263828256E-02,
        3.7158684281000982752554408746580387E-01,
       -2.1611017003467104221138728172670065E-01,
       -7.0048496279997393041565974475274820E-02,
       -2.8770881324407406788467832334219133E-01,
       -1.0416659096385283403438322848752776E-01,
        6.2731431380362443050042222419430119E-01,
       -2.3543890959569752858136067236458215E-01,
       -2.4314382416446373930107837988024425E-01,
       -3.8087031950867074680252031680192404E-01,
        6.4821981761009144615023461247579965E-01,
       -2.4205673936956960046635915793631368E-02,
        6.8209034447832170841667137491779232E-01,
       -3.6585629632805312494263812679052857E-01,
       -4.0217873414297555477052495706296544E-01,
        8.5944685992706971296491708935701641E-02,
        3.2435033871221920625581774375924302E-01,
       -2.8976362179043012707388842537289896E-01,
       -2.6971161008997656500019461866940693E-01,
        2.3512489316818748581826530028306287E-01,
        7.9696714588475925851417748638431944E-01,
       -2.3595429728966134133373046139843936E-01,
       -2.5923903734279335829358389193893806E-01,
       -3.0177381125230455888686313304694202E-01,
        8.3040724930878042037631216524642368E-01,
       -2.6251952026385577043940797919904387E-01,
       -1.6860293658343805382730772215875283E-01,
       -3.9928479246148659610959646388862696E-01,
        4.1039609908507595122845580522683671E-02,
       -3.6729569599819247363770168848286025E-01,
        7.0709616216645964940249008868165576E-01,
       -3.8084007607677477088763398072147922E-01,
       -5.9051130837106621161546243106711916E-02,
        8.8988477784612479966555018924728991E-02,
       -2.4373263588204024830934262797306358E-01,
        2.1379528893453438950433385215504655E-01,
        4.4276071700999553261882838827134179E-01,
       -2.6504834029648962256928003430796620E-02,
       -4.0335518012337908581922402588086731E-01,
       -1.2900702856967484542676358959677770E-02,
        4.0531466666287666895313117495238602E-01,
        2.9305170625724093039134075819356281E-01,
       -3.1287842484766112985253024064890385E-01,
       -3.8548794807245646949194169249704488E-01,
        3.7714565910564673250821322414088840E-01,
        3.8013295216688149801623011122377134E-01,
       -4.0221126532225263978509618451006725E-01,
       -3.5506734595027559073934715085459239E-01,
       -2.2205899586434809000719884637397647E-01,
        3.2701304009659971899380171603901952E-01,
       -3.3617077219002501533594401027989934E-01,
        2.3121672795777338634934114061485619E-01,
        7.1957228061907926220046267721796245E-01,
        3.7368996054651953846702307078126063E-02,
       -3.8350217776374113902674819634947110E-01,
       -3.7343909890999007702041678794661746E-01,
        9.8330545803631263340369372356739285E-01,
       -3.7810651680190892359771107556622309E-01,
       -2.2744655505227009590904851838602870E-01,
       -3.7775238618213361389693412961514096E-01,
        9.8792802719160966606403742309018296E-02,
       -3.8008417789886893627014622887153467E-01,
        5.6403942384610478231183208341342047E-01,
       -2.8274804866639681264808959685090414E-01,
       -3.7577776717683472601906895693942568E-01,
       -2.1112758837267555420518050050132981E-01,
       -2.4542047365634002175858702007106329E-01,
        8.3232582920585030198283647751181876E-01,
        1.8106998339394293216100324311062681E-01,
       -9.2371980873614094030036831961477673E-02,
       -3.6934261349992716034381012877163992E-01,
        2.8064461097959832221284371762249073E-01,
        4.7054026533270382391541627216071924E-01,
       -2.9496752305999805794102722238062007E-02,
       -1.7964357494201814863439005584353658E-01,
       -2.6139993808468586948692349407912073E-01,
        5.6177543360713286636414672003483245E-01,
        3.6860271515528736325688609715580464E-02,
       -3.5581188149433923947017429823016302E-01,
       -2.4282382362832236321966103152024987E-01,
       -2.1896973414538370346408563589299830E-01,
       -3.6677302000618412199774634095193464E-01,
       -3.7594551261994476950994041427000737E-01,
        9.6168826677151259497177239111494035E-01,
        8.2247081616110228615634886966709638E-01,
       -2.0876229429465349781973299722325289E-01,
       -3.9102955706492439206853428316649824E-01,
       -2.2267896480152439626808158927734525E-01,
        3.6614347753193505624867773771463759E-02,
       -2.0090044155360661978646753979178206E-01,
        5.5674596595002660186103193302797889E-01,
       -3.9245987214961348769943216700766060E-01,
        3.5584549784638717486652940300733030E-01,
       -3.9912201454296117863507645658858650E-01,
        3.8178307096014735176320222150086788E-01,
       -3.3850655426357334799465516791961173E-01,
        1.1091676026884688133855400292962091E+00,
       -3.7040139853691329719726380903373486E-01,
       -3.7328885625343092424664895018358104E-01,
       -3.6547734789812459194162727007889304E-01,
        9.3694703560260522694165737850280892E-01,
       -3.7014894937991841339411010207012967E-01,
       -3.6981349618524042988150937533556426E-01,
       -1.9698459003744638366603790109711514E-01,
        0.0000000000000000000000000000000000E+00]
const ws13 = @_static [
        4.3322718553914046203115920628318074E-03,
        4.3322718553914046203115920628318074E-03,
        4.3322718553914046203115920628318074E-03,
        4.3322718553914046203115920628318074E-03,
        7.4430529079135789463897534706861996E-03,
        7.4430529079135789463897534706861996E-03,
        7.4430529079135789463897534706861996E-03,
        7.4430529079135789463897534706861996E-03,
        6.4187987798992481117939329153307885E-03,
        6.4187987798992481117939329153307885E-03,
        6.4187987798992481117939329153307885E-03,
        6.4187987798992481117939329153307885E-03,
        5.0048973918684402533109460010978547E-03,
        5.0048973918684402533109460010978547E-03,
        5.0048973918684402533109460010978547E-03,
        5.0048973918684402533109460010978547E-03,
        3.9671220590952090424560461818970862E-03,
        3.9671220590952090424560461818970862E-03,
        3.9671220590952090424560461818970862E-03,
        3.9671220590952090424560461818970862E-03,
        4.1086919507967846539443754078960737E-03,
        4.1086919507967846539443754078960737E-03,
        4.1086919507967846539443754078960737E-03,
        4.1086919507967846539443754078960737E-03,
        1.0052706988037850790301127219637104E-02,
        1.0052706988037850790301127219637104E-02,
        1.0052706988037850790301127219637104E-02,
        1.0052706988037850790301127219637104E-02,
        9.4637346662338076856075156889575767E-03,
        9.4637346662338076856075156889575767E-03,
        9.4637346662338076856075156889575767E-03,
        9.4637346662338076856075156889575767E-03,
        1.6419395478246034954863224710989470E-02,
        1.6419395478246034954863224710989470E-02,
        1.6419395478246034954863224710989470E-02,
        1.6419395478246034954863224710989470E-02,
        1.4480016018418740542827024915888294E-02,
        1.4480016018418740542827024915888294E-02,
        1.4480016018418740542827024915888294E-02,
        1.4480016018418740542827024915888294E-02,
        1.6008596050134013842085258501195756E-02,
        1.6008596050134013842085258501195756E-02,
        1.6008596050134013842085258501195756E-02,
        1.6008596050134013842085258501195756E-02,
        9.6566579253817034992851729904776092E-03,
        9.6566579253817034992851729904776092E-03,
        9.6566579253817034992851729904776092E-03,
        9.6566579253817034992851729904776092E-03,
        5.0132750360200738867154356342285569E-03,
        5.0132750360200738867154356342285569E-03,
        5.0132750360200738867154356342285569E-03,
        5.0132750360200738867154356342285569E-03,
        1.3821268375221680184149606324359097E-03,
        1.3821268375221680184149606324359097E-03,
        1.3821268375221680184149606324359097E-03,
        1.3821268375221680184149606324359097E-03,
        1.1601255384415866489222899552470641E-02,
        1.1601255384415866489222899552470641E-02,
        1.1601255384415866489222899552470641E-02,
        1.1601255384415866489222899552470641E-02,
        6.6651895369638681841516223899782580E-03,
        6.6651895369638681841516223899782580E-03,
        6.6651895369638681841516223899782580E-03,
        6.6651895369638681841516223899782580E-03,
        2.1735352188563474915695675664349158E-03,
        2.1735352188563474915695675664349158E-03,
        2.1735352188563474915695675664349158E-03,
        2.1735352188563474915695675664349158E-03,
        2.9435591472875697307456847704704932E-03,
        2.9435591472875697307456847704704932E-03,
        2.9435591472875697307456847704704932E-03,
        2.9435591472875697307456847704704932E-03,
        1.7766187342790362943633822700956760E-02,
        1.7766187342790362943633822700956760E-02,
        1.7766187342790362943633822700956760E-02,
        1.7766187342790362943633822700956760E-02,
        3.2416487267021718621065418234874280E-03,
        3.2416487267021718621065418234874280E-03,
        3.2416487267021718621065418234874280E-03,
        3.2416487267021718621065418234874280E-03,
        4.0126143934990293530822283342662275E-03,
        4.0126143934990293530822283342662275E-03,
        4.0126143934990293530822283342662275E-03,
        4.0126143934990293530822283342662275E-03,
        1.8612521252248265593655400706992410E-03,
        1.8612521252248265593655400706992410E-03,
        1.8612521252248265593655400706992410E-03,
        1.8612521252248265593655400706992410E-03,
        9.9005509137165203744861106963040845E-03,
        9.9005509137165203744861106963040845E-03,
        9.9005509137165203744861106963040845E-03,
        9.9005509137165203744861106963040845E-03,
        2.3352963093672529555869540355088370E-03,
        2.3352963093672529555869540355088370E-03,
        2.3352963093672529555869540355088370E-03,
        2.3352963093672529555869540355088370E-03,
        1.6288671662532455523100468904941605E-03,
        1.6288671662532455523100468904941605E-03,
        1.6288671662532455523100468904941605E-03,
        1.6288671662532455523100468904941605E-03,
        2.4486630315728328818570655886996694E-03,
        2.4486630315728328818570655886996694E-03,
        2.4486630315728328818570655886996694E-03,
        2.4486630315728328818570655886996694E-03,
        4.3614374959923006679756846659727571E-03,
        4.3614374959923006679756846659727571E-03,
        4.3614374959923006679756846659727571E-03,
        4.3614374959923006679756846659727571E-03,
        9.6594782510077889604017655777576446E-03,
        9.6594782510077889604017655777576446E-03,
        9.6594782510077889604017655777576446E-03,
        9.6594782510077889604017655777576446E-03,
        1.2617305113721030036274069943287163E-02,
        1.2617305113721030036274069943287163E-02,
        1.2617305113721030036274069943287163E-02,
        1.2617305113721030036274069943287163E-02,
        8.4681167991275563581136588117994937E-03,
        8.4681167991275563581136588117994937E-03,
        8.4681167991275563581136588117994937E-03,
        8.4681167991275563581136588117994937E-03,
        2.3568354185276777499324485136933252E-03,
        2.3568354185276777499324485136933252E-03,
        2.3568354185276777499324485136933252E-03,
        2.3568354185276777499324485136933252E-03,
        3.3542059234774957058593814798646926E-03,
        3.3542059234774957058593814798646926E-03,
        3.3542059234774957058593814798646926E-03,
        3.3542059234774957058593814798646926E-03,
        3.3806130352116361697410654546150777E-03,
        3.3806130352116361697410654546150777E-03,
        3.3806130352116361697410654546150777E-03,
        3.3806130352116361697410654546150777E-03,
        2.1942929383390153955482640782688255E-03,
        2.1942929383390153955482640782688255E-03,
        2.1942929383390153955482640782688255E-03,
        2.1942929383390153955482640782688255E-03,
        1.2044987002964142651765761150877113E-03,
        1.2044987002964142651765761150877113E-03,
        1.2044987002964142651765761150877113E-03,
        1.2044987002964142651765761150877113E-03,
        2.7702137189038457824139516485488825E-03,
        2.7702137189038457824139516485488825E-03,
        2.7702137189038457824139516485488825E-03,
        2.7702137189038457824139516485488825E-03,
        2.0021199037208508596347214637599560E-02]


### nmax = 15; sym_type = 3; error = 1.177E-32
### number_of_nodes = 212; inside = true; positive = true

const xs15 = @_static [
       -4.1361587749240970815665058184752662E-01,
        1.6661936452833455945296681161745557E-01,
       -3.0485770175752185745600984080685781E-01,
        5.5185421472159700615969361103692905E-01,
        4.8484980098776460191192136220779020E-02,
        1.3039696259293956396001089612560245E-01,
       -3.4238876814878872389213141569334733E-01,
        1.6350682545707269974092838334696566E-01,
       -1.7047853365296575046099072805189680E-01,
        5.8732917395000492724929909383533555E-01,
       -6.4275487137236238234040050644609663E-01,
        2.2590423107532320555209214066265808E-01,
        1.1626987026775244520672370098004692E-01,
        2.7477615140741473456092868712898099E-01,
       -5.3316140808797856695714446659426729E-01,
        1.4211538641281138718949207848523949E-01,
        1.4863667935000295189270363657272255E-01,
       -1.5033724691135789892189431683472400E-02,
        5.1597271665040070994543571454245275E-01,
       -6.4957567130926787194594991943170290E-01,
       -2.0681701575798988776065196639024354E-01,
       -2.7220657538964629070554699064836331E-01,
        2.3262554712065088908022067154592540E-01,
        2.4639804402698528938597828549268145E-01,
        3.7324900053096455111691793366455834E-01,
       -3.1341127287637144353367604936826673E-01,
       -5.4381814462996436791691831776453216E-02,
       -5.4559131915966707915500525198385134E-03,
       -1.0356633619894283310339597406251974E-01,
        3.1418936772596121323692325590071228E-01,
       -4.7664186741318825927822714915774360E-01,
        2.6601883588616987914469986731955128E-01,
       -2.3291004960077253721362937574677742E-03,
       -6.2252929382764293446927135643246758E-02,
       -2.3913974572819995024582452276692891E-01,
        3.0372177560697196906488795216764348E-01,
        8.9716793859775590938515019972447706E-02,
        5.1224733288039788782196740820304865E-01,
       -5.9705445857514034464066800937701003E-01,
       -4.9096681650331341198144187984863758E-03,
       -9.0995494406140334352536004623285500E-02,
        6.7618029659250582159591019235147207E-01,
       -4.7717837990508601269966940677899182E-01,
       -1.0800642228127947454370478094919475E-01,
        7.6828248776421529839112508356939273E-02,
        3.1720827429163631977527167759437707E-01,
        1.1700643839844176117376179541310157E-01,
       -5.1104296146649961078814598136441791E-01,
        1.6626901961025762369700751180407332E-01,
        2.1908018095962145968431218940126731E-01,
       -1.4628345151916667576331578843300569E-02,
       -3.7072085541796241580498812236204003E-01,
       -2.8658739545692924324412413732534629E-02,
        3.8887846349487466377897067071858741E-01,
        1.2897857803119533080967619326642220E-01,
       -4.8919830198037707026423445025247473E-01,
       -5.9652266449916459721239314009293778E-01,
        9.5929685798868091652856701982920283E-03,
        3.4614169300388120546827405169736479E-01,
        2.4078800291539658257883341819728082E-01,
       -7.0212245306377847973797375497548696E-01,
       -5.7716604586610689203477442341321391E-03,
       -7.2966892110699693425593715232510520E-02,
        7.8086100563313924208391521444212961E-01,
        7.0773254923143015670577532788212498E-01,
       -7.2439834248401373922681072902377629E-01,
        3.7597000459231403328759111068838264E-02,
       -2.0931207206647820807723709927186971E-02,
       -4.0316248874231516511871547266244443E-01,
       -9.7501897703950977517782986941353247E-04,
       -1.5094895035801908598681795305303386E-01,
        5.5508645807737376088071125558489197E-01,
       -8.2426812936543922987638291010710046E-02,
        1.7229201637719826559437067937430526E-01,
       -2.3997092961720291515420525108317148E-01,
        1.5010572617654857254747286271957621E-01,
        5.1629579916603057827305461945762756E-01,
       -7.2706578915321298698183264021006632E-01,
       -1.9826896567519516337184043084052704E-02,
        2.3059688655470192504596206383649134E-01,
        5.4971112510483293767923655669309331E-01,
       -1.9774424457593487262618967723846015E-01,
       -3.0242967010087717080103096580066432E-01,
       -4.9537210428020894252015913653968839E-02,
        4.9277742114015690183032932106056518E-01,
       -6.9377651744514035114230021098282024E-01,
        3.9031281246589854665953961137979781E-02,
        1.6196781505839359464601692878427536E-01,
       -4.5534013723175858965519558302105167E-01,
        5.9701503219463597038895059902826775E-02,
        3.4626240102228251044636156596183708E-02,
        3.6101239391006674157166436652204136E-01,
       -8.9349600571841078623491681889589094E-02,
       -2.3400800442095950033077618085575968E-01,
        6.6562595973788142884197552904252849E-02,
        2.5679500901901243607007030984109573E-01,
       -1.4165028297324125232393245632938549E-01,
        3.2109387529729435403865678923882674E-01,
       -1.9896886987231072597049732636391085E-01,
        1.9525277548257624255772993454469286E-02,
       -3.3309650088188468966237549684026123E-01,
       -1.3449711760856290032239759354944262E-01,
        3.4752875752817486338919749072913059E-01,
        1.2006486096227272659557559966057326E-01,
        4.3384628052291402610219952200617102E-01,
       -5.1243307533703306298085455363744642E-01,
        3.8623042516232851520816460287312007E-01,
       -3.0764363034820947832950957124184467E-01,
        1.0331540141954940015522135073491121E-01,
       -1.2028024625452894993782101281776908E-01,
        5.6292965385090003807659997934585092E-01,
       -5.4596480901592048829400031726299305E-01,
       -2.7383662542648750593857963077123060E-01,
       -7.6706806413302856596086078235786359E-02,
        2.1106531496460212088290669179864346E-01,
        1.3947811687518824165175901720837357E-01,
       -3.5115243808671846838757573135266406E-01,
       -1.6538581718216292177733589885921389E-01,
        1.5434745825428486257147249170879927E-01,
        3.6219079701459652759343913850307849E-01,
       -7.7046011309678704016216659300172705E-02,
        2.0819670351089088124229050859788616E-01,
        4.4012474765350791633747827585189738E-01,
       -5.7127543985472009356355212514961074E-01,
        2.6043320299694686481497630089049531E-01,
        1.8093583519347275422817950945041993E-01,
       -4.5494412625715569015999152290562088E-01,
        1.3575088066736071116835712564705681E-02,
        7.3199167669009969285837514304405243E-01,
       -7.3565868468205596019182442905700469E-01,
        1.9888312874107230671686277758365095E-01,
       -1.9521612074911603938341349157069872E-01,
       -4.0541382832832982077810215653503403E-01,
        2.4499084944090838771859311504542166E-01,
       -2.2153118665065015497232630881686324E-01,
        3.8195416553807158803183535030647581E-01,
       -4.9043644638920257563155110641674906E-01,
        3.2639116409537229948954134203719145E-01,
       -3.5191887339474539532465522766671760E-01,
        5.1596415568857567146666499204627492E-01,
        8.8574974291585139067061008072543902E-02,
       -1.7672564409816980210853292205626482E-02,
        7.4647602826847433598458966250635156E-01,
       -8.1737843815024249484079737837326908E-01,
        6.8238623560064499174345186361048654E-01,
       -6.1523388587744676828297895566252267E-01,
        1.3884976733233648886298691400666288E-01,
       -2.0600211705553471232345982195462661E-01,
        1.7777394673400788161394103366283787E-01,
       -3.1463478674389730045961482686054064E-01,
        4.1205291243540717711529530869859114E-01,
       -2.7519207242551775826962151550088837E-01,
        5.8404572887446897707644639321125090E-01,
       -5.8378045935665667553351197515229008E-01,
        3.8224897129360699328718399680047109E-01,
       -3.8251424081141929483011841485943191E-01,
       -1.1200089711672086722869446835722333E-01,
       -5.5473344862252210363838797072087266E-02,
        1.0380790163810829753136365445476597E-01,
        6.3666340340864780061169610974544241E-02,
        4.3599237491141302277768179126156532E-01,
       -1.5338859807760172846271619204537208E-01,
       -2.1123247011270011505541449005057889E-01,
       -7.1371306721111179259551109165614359E-02,
       -3.9480996167466205386052514411837281E-01,
        3.2753055600924391418369617510076978E-01,
       -5.0520982172724864066630664297350369E-02,
        1.1780038783814300374345963331495334E-01,
       -1.8213761481925748437370094245296502E-01,
       -3.2891202805284660703715857174943444E-01,
        5.3364928830829438451393323284666023E-02,
        4.5768471404127465295946619091773339E-01,
        7.5472532169856439973690237470403819E-01,
       -8.4049966359486803861059014718135548E-01,
        4.4470626319415391107827435620205425E-04,
        8.5329635633109484962609498121115398E-02,
        4.8335377336883342824387366627768676E-01,
       -1.9107106861890608329710626395682276E-01,
       -8.6146499250586924449054822060127997E-02,
       -2.0613620549934042049771258026073600E-01,
        1.1177555146734039035369576485689357E-02,
        5.9015257328535377480681614897152987E-01,
       -4.7924890266006419365010878834421682E-01,
       -1.2208122577202362019207693711300246E-01,
        5.5129089840392204699690763891831449E-01,
       -1.5272602480181878268732696527251635E-01,
       -4.0960056997018591118373931836291260E-01,
        1.1035696368082646874158644717114464E-02,
        7.1747300199936963025150433129955735E-02,
       -7.8682823620807164334789201951893007E-02,
        8.6576712238409239315063834369937406E-01,
       -8.5883159896322219184099957487743688E-01,
       -1.9274420580474646019025396178445121E-03,
        8.5234382228990423316984306475750069E-01,
       -7.6886418549448608735044070609857947E-01,
       -8.1552194737370681217499819041076646E-02,
       -2.1343104613282882216102356824315452E-01,
        2.3006260777187009489134872350249109E-03,
        7.0942415065111575458208505663386062E-01,
       -4.9829373059600563336997497562573101E-01,
        1.1012769014914408474990201867899605E-01,
        5.6124886921313326878555425515274124E-01,
       -4.5605994471722141564923026504218910E-01,
       -2.1531661464505593788622600878954816E-01,
        7.1470343354109443104528054395778330E-01,
       -7.0832006854742988589506965858511569E-01,
       -7.6533536009243428567373913753427346E-02,
        7.0150171015578883417163028380759902E-02,
       -1.4789521692555528354115502037101549E-03,
        3.4675867131850068947138114211467996E-03,
        9.2086894243023541219109164942795320E-01,
       -9.2285757697416486625039391064538974E-01]
const ys15 = @_static [
       -4.6405768286069336639312585746615023E-02,
       -2.5582161738583344347287731032261131E-01,
        4.6121668267165124602226599734677366E-01,
       -1.5898929699974846591007610127754729E-01,
        1.7856225922076867422951799435296781E-01,
       -3.2007177346187184889128506564597109E-01,
       -8.8768280742433778273633648125848504E-03,
        1.5038634231534655248913043610558798E-01,
        5.7976348607031931090222740372569748E-01,
       -4.0309473933659752804384499555239215E-01,
       -1.1024296076495015546377036794878116E-01,
       -6.6425785968771627394612040224524122E-02,
        3.8441261086165026605006861623027322E-01,
       -4.5699967998026841845596971883745872E-01,
       -1.4372016927826566444008134526728277E-01,
        2.1630723839688381684598244787446824E-01,
        6.8455976839476349886372540575655765E-02,
        5.8711424870787272766320610003498928E-01,
       -4.5216839052626399297374748156969059E-01,
       -2.0340183502108508457583115904095443E-01,
       -4.3372293887366742675725907596597066E-01,
        1.1145430492458508124895533557916264E-01,
        4.1882237634404619859909379336228255E-01,
       -9.6553742394963853090790052975474385E-02,
       -1.4640075459316146429133046358157143E-01,
       -2.4374279320069886183438387679497023E-01,
       -3.7697301118918412732781028364504653E-02,
        4.2784084891277873885849536874104621E-01,
        3.0300057998276111971616711235599334E-01,
       -3.6898130488299828449285521291537688E-01,
        3.1982782558731962318057065859213864E-02,
        3.3997942341505202458631034700169894E-02,
       -7.3228197872303207356493216139800738E-02,
       -3.1207653867721152664921258196867214E-01,
        2.1264030124075785775679509915961086E-01,
        1.7266443530875687624891069894886200E-01,
        6.4329028614610271628548042510399997E-01,
       -3.9367296922828152822763596239109616E-01,
       -3.5037874885265077476648641354014030E-01,
        1.0076143193482958670864195082723645E-01,
        7.2824947932638024285584435541381182E-01,
       -1.6060525592093761282421939678070581E-01,
       -4.0021414004628111637497489904211447E-01,
       -1.6743008335916151365665005959099163E-01,
        4.1063737521534025690733598952644252E-01,
        3.1824767996397230585020696280984876E-01,
       -5.2254788403403447875576939901919399E-01,
       -2.0633717114527808400177355331709726E-01,
        3.4896746613217615353891216821923665E-01,
        1.0959464342863368464275215038851233E-01,
       -4.3651725035079571267374746902779698E-01,
       -2.2044859210014125507916849579951943E-02,
        4.3249204017028670334454722756517353E-01,
        3.7345071907282549539338969521519189E-01,
       -4.9041172592495129639720933539367370E-01,
       -3.1553103331816090234072758738669167E-01,
       -3.3332551494245495425453512759376928E-01,
        4.0522850225901250163301131490449162E-01,
        4.7788303623521683584757116430069694E-01,
       -5.4978602355177438322604735161141928E-01,
       -4.1203512671941106047029040104196631E-01,
       -8.7587179323564784003615277301743586E-02,
        8.5953316880190679532251059272931530E-01,
       -3.5991086275893095084860491438560535E-01,
       -4.2785357825430183014516238430243349E-01,
       -3.7481830136194458164410804046441513E-01,
       -2.4626378945841740000870165997231738E-03,
        8.0513451751083058578935744136657175E-01,
       -2.3389182634025263643576058651857427E-01,
       -1.7486376171504630594149187951810463E-01,
        5.5380821486588153956411937574527177E-01,
       -1.4505262681058259718686690970859282E-01,
        1.5135654143184109757681173269477217E-01,
       -1.7762171958975485272940326944354060E-01,
        3.4779882017692304790059069192098798E-02,
       -8.5147038597785496374675324433304534E-03,
       -5.4145973954236969707186618931131988E-01,
       -4.4266575722707972604384577465331667E-01,
        2.5482328498284124125345486959563355E-01,
        7.2930221178660818186225709436900290E-01,
        8.9040480382576955741941548973165276E-02,
       -4.6338339572395749139433241758198669E-01,
       -2.3180849499471314876723462368471247E-01,
        6.0615141033609368441962549229353390E-01,
       -5.1659894146294658479708578562596215E-01,
       -3.5548261763532358805335976418348572E-01,
        2.0955904398257277113637390569275913E-01,
        6.6252251511569740171407164411668869E-01,
       -1.9395339289403172476186101408752819E-01,
        7.4451617042874807959415046406826775E-02,
        4.3685267465358258798513915025834397E-01,
       -3.1735089880242567118269318257764236E-01,
       -3.2179518463207419387287337372382101E-01,
       -5.8244718938114334708773813629639417E-02,
        3.3495126787078529636597382941802314E-01,
        4.5088635699403232215673357935437077E-02,
        2.8898544167067854368485150377346262E-01,
       -4.4365825824235412848565899784304306E-02,
       -9.2328882084156826298283913361161271E-02,
       -1.5229073376228630453800169062799716E-01,
       -3.4761724856334363334931789490602920E-01,
        3.2363969636352333162861527840654093E-01,
        3.3928478130359423599593546638918277E-01,
       -3.1530722910377393427523284988969460E-01,
       -3.4122548112818533023131277981892317E-01,
        1.5012710588588413489535964043894266E-01,
       -1.3224602565533095259617787520706843E-01,
        3.2334440089763214793213101458704897E-01,
       -7.9238490285482440714347113849120361E-02,
        5.8057134181803321233771307219516432E-01,
       -3.0541827172116863815579287418743397E-01,
       -1.9591457981138213346757308415860997E-01,
       -2.4667304006675511321267425535348481E-01,
        1.9943053749141544711909075521801981E-01,
        2.8291407305931021225731175183912348E-01,
       -2.3567157048397054616372825170365846E-01,
       -3.9370904679649629640649796350706090E-01,
        8.2739547073423784247451938938502543E-02,
        5.0733445488061070840899796340776690E-01,
       -1.9636495515753819624995193883920864E-01,
        1.9592231026318115670852906922316941E-01,
        6.2841470588594336587495114628205037E-01,
       -4.0554591642832011188848185486627227E-01,
       -4.1879109972080441069499836063894741E-01,
        3.5928788616620623934844348082991234E-01,
       -4.2086087436661459950494928232929940E-01,
       -2.4698695226160203451072745591254863E-01,
        3.0855994046201039466723325741193564E-01,
       -4.2684988768414748856557153010282930E-01,
       -1.9508228380100484265657574987977169E-01,
       -1.1059093181338017301665108093071631E-01,
        7.3252310329853250423879836091331719E-01,
        4.8825282828849119267028687964279696E-02,
       -1.1435664761959665888216145504659210E-01,
        3.1314159033635892684868347503260109E-01,
       -2.4761022554561138723355070795028859E-01,
        9.3730438559947453746030947140780960E-02,
       -2.1791888612315365239370468401551797E-01,
        3.9260363207062820066991859980796624E-01,
       -2.6841518450742200202224486293322945E-01,
        3.0732265612153195088085025830863709E-02,
        8.5175301190953386599437070452522987E-01,
       -5.1284918672727040642973676283611891E-01,
       -3.6963609079441665465271896751997476E-01,
       -3.1643502243651900315273047180855854E-01,
       -1.9487554853344063361105833017369457E-01,
       -1.5770580492505014854601940303621049E-01,
        6.6901637589500978530980820501846361E-01,
       -2.6067112164423756255525997221824206E-01,
        2.9414324100689365223544667010815420E-01,
       -7.9865574272495707272745790206748924E-02,
        4.6393454909839617592559092316836728E-02,
       -3.3689265192969237994848850465907733E-01,
        1.0433728759043394346711859669572746E-01,
       -2.2099785332885499801389963131709059E-01,
        4.5355321766811343449526953928044044E-01,
       -1.2871884927795888689145105443017790E-01,
        8.7839489320473780853372138191714861E-02,
        1.3344907742300524078423815626420370E-01,
       -9.2569717465520134746159240025740826E-02,
        7.4602418238283205323001968840071745E-02,
       -3.3246919535303665173596829808516594E-01,
       -2.0436760977685476222868460526163596E-01,
        4.6223438689160820864165093450673009E-01,
        1.5025607170791757674900650477494174E-01,
        1.3076324936547080322370200010905117E-01,
        1.0685586860084137594995937431401351E-01,
       -3.8787518967422975592266787919800641E-01,
       -4.8495209681748813856822694771652053E-01,
       -1.2827693588448753514330997044688747E-01,
        5.5929904173717822079706782414410186E-01,
        5.3929990964797452914469094019306113E-02,
       -5.3478454641368086155694400509030651E-01,
       -4.8474920446875604574032854086241707E-01,
        9.8786927486022345008587718721190456E-02,
        9.2074682339641456228868482723153298E-01,
        5.8434565365367578536717933942603663E-02,
       -2.0978834196561539317720847357738683E-01,
       -2.8776229200161466833423363330411364E-01,
        4.3911606860186248297472417293889685E-01,
        6.8790285857134748141088451672449635E-01,
       -2.1266421886999228610533001117341970E-01,
       -4.1766174008457544844121055486574945E-01,
       -5.7576899616779746864343950685327202E-02,
        1.4193512553211195239093671322719559E-01,
       -5.6114241019661349313911206123880082E-01,
       -2.2374007479489599593048957290107349E-01,
        6.4294735945939753667866492091267871E-01,
       -4.9431775712083225779809534564090455E-02,
        9.5427421292989397304203638229788858E-01,
       -4.9184242853596268723302867285042156E-01,
       -4.1300000868184806002919817488337647E-01,
        9.8308906129132039788596076027206252E-01,
       -3.9570695368981704512203993338934753E-01,
       -5.3807230763475538838284967006326370E-01,
       -4.9309799966747964381071156819451196E-02,
       -1.2056793776766102574249948594530329E-01,
        8.2050071578136217085117515733156966E-01,
       -1.6579381464217012174553148147703712E-01,
       -5.3413896337153102336314418990922928E-01,
        7.1165662299799114882952223790723111E-01,
       -2.0257547797561170090266958073474159E-01,
       -5.1193254270173755478114792351764815E-01,
        2.8513976793581068542952663451586294E-03,
       -4.0526334475084495949033535750064492E-01,
       -4.9732209748221403888803056753272846E-01,
        3.6815782622114892435593912234836432E-02,
        8.6576965961094410594277201279853704E-01,
        3.1501508115531923228025746612718062E-03,
        1.0653298757232205457247540450099823E+00,
       -5.3396020917897732411068380419235300E-01,
       -5.3451981735579641393687281547890102E-01]
const zs15 = @_static [
       -4.0618674017300277509678168780481333E-01,
        4.9498741880847548277914918221414349E-01,
       -1.8044448077147195676060788422549914E-01,
        9.1643802135999249078240389816169022E-02,
       -2.9307630345331719360183433656006908E-01,
       -2.6070775565224524290237267917230511E-02,
        5.3104865388775116039289006135766964E-02,
        2.6604221362976660185278259834153258E-01,
       -3.7725603979058605717033614930820888E-01,
       -8.3559752103693455685370991406132031E-03,
       -2.8674625490880697716941707767018446E-01,
        6.7235826990976237990829032611900659E-01,
       -3.8116593626577145856879372964306213E-01,
       -1.4909248205920523966425451364200705E-01,
        4.0775421017855042871232206039792220E-02,
        4.8948299730712165536181603724527701E-01,
        6.8034062393150680357803301454106537E-01,
       -3.8041200542419239692396060084728568E-01,
       -1.3768932444473609679956601395287584E-01,
       -1.6223929406257830985450639974090373E-01,
       -2.1781485443049068946002932765105118E-02,
        3.8058483554757652375829059969460553E-01,
        4.2854063059427762634538202966672174E-02,
       -4.0165741316395521744682586989617254E-01,
       -1.7012481470417589423378276562076204E-01,
       -1.7903428363773021251550078490492455E-01,
        4.3047878189871689662876788984240474E-01,
       -8.1319683556810789879484339316718207E-02,
       -3.6951091779554483498709958405875494E-01,
        6.4896022131318314751772421950297785E-02,
       -1.0422709667997810335005094490208700E-01,
        4.0884199234420462358537810701054426E-01,
       -3.4466533241607746379666441544089896E-01,
        1.5131025025670380587463887986192439E-01,
        1.4750684507344904870878910281437519E-01,
        4.5848237085924609213236432764599384E-02,
       -2.7636446247604129513772566449714384E-01,
       -2.8438191701651980826630300930952457E-01,
       -1.3787500613991105865474466609906249E-01,
        6.9862138563247216205877333990573090E-01,
       -6.9471628300445469482889689524335737E-02,
       -2.4584537732224718676642316857303153E-01,
       -3.9444039744713039280809633091038228E-01,
        7.0975740306982304905740918900774962E-01,
        4.3366750797169925799497807982258266E-01,
       -4.0086215351745389395902006033297878E-01,
       -2.7540214862822803357675430662565295E-01,
        2.4259679417398266954079628713604901E-01,
        2.2884127101379266315580502070684392E-01,
       -3.7654335084094367988697311191889127E-01,
       -1.0502717878898291869323676994281861E-01,
        2.5272925861613393542440486115486591E-01,
        4.6378390637670080019953221933335525E-01,
       -3.3507357554855340959419304529510728E-01,
       -3.8187310125406637996003142469061674E-01,
        2.5316277042591898935469225065236886E-01,
        1.8823853132299761333477149807538223E-01,
        5.8144369354067088872191200008622880E-01,
       -3.9267373847825893418165537702668368E-01,
       -3.7700848638540956787502812113492734E-01,
       -3.8071865908431682768221814665064732E-01,
        8.9442202347417118971137234623496249E-01,
       -2.5213914116415466720237661484177931E-01,
       -2.6156422322569969482677758474253586E-01,
       -2.5649143304639511285791579839806849E-01,
       -2.9067195128423056241008187102413956E-01,
        8.6505046203322196077634237622051848E-01,
       -3.1788707770259628550834470679831043E-01,
       -3.5026044926222643887381838942973403E-01,
        5.5619194101668797855909303947983963E-01,
       -1.0216964621613836109892036331030881E-01,
       -1.0376184553832317858635428673979674E-01,
       -1.8687792850834377432444866796969367E-01,
        5.8243695893306976725717450566384517E-02,
       -7.6358725985607763865458381738418019E-02,
        2.0499295860064456146418959914172712E-01,
       -4.0715274345659245198260643128383020E-01,
       -3.0589604567606773096030915352447698E-02,
        8.1251790496521697252815183056882713E-01,
       -3.7477555694101774744951448393254933E-01,
       -3.0743805993407159362727670729290727E-01,
       -3.8833198582042430568394058456191420E-01,
        5.0934252247163480697373114438632054E-01,
        1.8642752328286109233748614746850093E-01,
       -3.1748725313163821093760395133751507E-01,
       -5.2994918700612953303919475916443334E-02,
        7.5170724033802755258074912927177017E-01,
       -3.8122506850577638833922570201781177E-01,
       -9.4737449368730749728052118595894450E-02,
        4.9479332123147508634080899705059104E-01,
       -2.4877400918630982345308962475295242E-01,
       -1.5128186267643451315966725370174404E-01,
       -1.4602135916110928553889459412990806E-01,
        2.7332313456554716240386046482851654E-01,
        1.2741584781721469147519392042875198E-01,
       -2.5471762322165256834015979112736056E-01,
       -3.9342537473166731261869785048048665E-02,
       -7.4578927535322443786532067543989531E-03,
       -2.3877183622372498256985082460646009E-01,
        2.8557226645042395821037381640890766E-01,
        1.7983154972717332928893068228597672E-01,
        3.7589664665769030413625541743671222E-01,
       -1.6804766152040595255153567038443817E-01,
       -3.8768053486445768087365042933825069E-01,
        2.3175088077357265034228996918781753E-01,
       -2.7062906387343985537365933517471720E-01,
        4.3783894551690094980978012295142808E-01,
       -3.9896076241703374477841075696452836E-01,
        6.3341513269628330434335975872539201E-01,
       -2.5814166704043271670431816073491339E-01,
       -8.9428323007957481010505101423526893E-02,
       -2.8584514264789310662853649656695163E-01,
        8.4076982664443381911767768631775335E-02,
        3.1184379375010131428473396238253752E-01,
       -1.3532954303692559798592831536003967E-01,
       -2.6059123337761909821057341565427314E-01,
       -8.9358078895031532628584647756533234E-02,
        5.0209701591678067950434827173590427E-01,
       -7.1332514247700582759260893036368443E-02,
       -3.4140642277404856411650273094300264E-01,
        6.7757852163398124960515570370439896E-01,
       -2.5531036518474225172646948388873174E-01,
       -3.8112597480168539800298782792794316E-01,
       -4.1142181647553599875698391887724007E-02,
       -3.0313558469687420576665537167641899E-01,
       -2.8096755871230865291529632943636545E-01,
        1.4431808090181840262731783447908404E-01,
        4.3978506250736445605463386663370050E-01,
       -5.8247358198235415249995926164229909E-02,
       -3.7703394846549013806538487229895501E-01,
        8.1830345410454956850817118449145555E-01,
       -3.8302214744082401519279038602827058E-01,
       -2.3679449612204632254444707736752806E-01,
        3.8693404434382994566239838065883231E-01,
       -2.7510396503797281103208245348053218E-01,
        1.2496441681618918791413115018922808E-01,
       -3.6473340662679245744538664005517621E-01,
        4.7783253137517346258028274575324036E-01,
       -3.2304683190308235871251295302298338E-01,
        2.0994770715470135357761684732491909E-01,
        9.3597368065415646040361701469419985E-01,
       -3.9879971949327909734504592239181540E-01,
       -2.5415739216359810069306834384068515E-01,
       -2.8301656899727926236550274846169939E-01,
       -5.3697809735585383695585175987172559E-02,
       -3.9009785821501996264318770481932237E-01,
        7.2423419826511675075213029843003899E-01,
       -2.8043853031451140441335741762354406E-01,
        3.2033737347308866464419372496264839E-01,
       -1.2904939899461214325011282863975887E-01,
        1.6125424037807810346499686427867232E-01,
       -3.5254221485655462485907776060156194E-01,
        2.2993838847515120399408360163359423E-01,
       -3.9470475108222619253879239697263211E-01,
        5.5903793038066499962530213997238251E-01,
       -3.9427156777359001108059334463334468E-01,
        3.6120223950221807598786096059255188E-02,
        1.4008692236721590460962649590714187E-01,
       -4.2809776746065289093236300386287052E-02,
       -1.3339736957137242311517629158011010E-01,
       -2.0595400861270155526644021939512047E-01,
       -3.2250286444096417706743254569642151E-01,
        3.8946970241049184761975519841695659E-01,
        1.3898717064317388471411756667458529E-01,
        4.4371773405409991383293324675619676E-02,
        2.3673900120901767652506084563196130E-01,
       -4.0798296643811856159608067394133174E-01,
        1.2687219182369089368772650363375067E-01,
       -2.7755449331254549212772654944277813E-01,
        4.6984151500262402183603055586780163E-01,
        1.7241203548611429995973635966307815E-01,
       -3.6469905717619282966804036608810171E-01,
       -3.7760512752776294341562782269549882E-01,
       -2.3826241603527783625974708291610854E-01,
        9.9419887337763406733434954932245693E-01,
       -3.7833132981459328765897464371084953E-01,
       -6.4188005719955724334146654969921296E-02,
       -4.0080701971120886377927429574209741E-01,
        3.8850638695712603886975613001567128E-01,
        7.6488638474038549243664820696347423E-02,
       -1.0053685955955014807028678162578471E-01,
       -2.9989466643619630171556894780683708E-01,
       -2.8164179531531740184778242646766609E-01,
        6.8207332131106385163363815590028779E-01,
       -4.0129290763773667426331408787411067E-01,
       -3.8327169093234466398311568284236667E-01,
        5.1698257635440879205156630818733567E-01,
        2.6758202221567254619486346252914172E-01,
        1.0253902991472648467255299815760016E+00,
       -3.7707582914506094829382567120780398E-01,
       -2.5991297853697357889508198846566553E-01,
       -3.8840149146523031953662232190253202E-01,
       -2.4651352623163312910887127690784711E-01,
       -3.7968770257206363609023554793708460E-01,
       -3.8283520227272774508815251928459821E-01,
        1.0090364310764245102872593441295301E+00,
        7.8360918376209729528817643816211370E-01,
       -3.0101070896622758969007634840746510E-02,
       -3.7863250975918775239029775576162670E-01,
       -3.7487560310628678392887104755974040E-01,
       -5.5339854341350682312474254101004015E-02,
       -4.0695041369059251407013569760100109E-01,
       -2.2711264874610419366698231737950552E-01,
        6.8940291677804739004959226908151075E-01,
       -3.8029851495644849234732487839337823E-01,
       -2.6574376538501764258309150864457009E-01,
        9.0136205434220210418659140925975231E-01,
       -2.5531977400073596925617502222180399E-01,
        1.1300570074658368581833737923321688E+00,
       -3.7696310509946586244244089155598019E-01,
       -3.7937822387857146737185550370806552E-01,
       -3.7371567848779952836907739706812322E-01]
const ws15 = @_static [
        1.3144955884303542868876723269201639E-03,
        1.3144955884303542868876723269201639E-03,
        1.3144955884303542868876723269201639E-03,
        1.3144955884303542868876723269201639E-03,
        8.3073332977957395067465131459061161E-03,
        8.3073332977957395067465131459061161E-03,
        8.3073332977957395067465131459061161E-03,
        8.3073332977957395067465131459061161E-03,
        2.7838965718719602762774113445479226E-03,
        2.7838965718719602762774113445479226E-03,
        2.7838965718719602762774113445479226E-03,
        2.7838965718719602762774113445479226E-03,
        3.8630566227252723318527055819223159E-03,
        3.8630566227252723318527055819223159E-03,
        3.8630566227252723318527055819223159E-03,
        3.8630566227252723318527055819223159E-03,
        3.3533154795253716601861025699429871E-03,
        3.3533154795253716601861025699429871E-03,
        3.3533154795253716601861025699429871E-03,
        3.3533154795253716601861025699429871E-03,
        2.0271648240288942541755200713767653E-03,
        2.0271648240288942541755200713767653E-03,
        2.0271648240288942541755200713767653E-03,
        2.0271648240288942541755200713767653E-03,
        8.1669682247164010535945267984613371E-03,
        8.1669682247164010535945267984613371E-03,
        8.1669682247164010535945267984613371E-03,
        8.1669682247164010535945267984613371E-03,
        5.1221785296249916450789119228509303E-03,
        5.1221785296249916450789119228509303E-03,
        5.1221785296249916450789119228509303E-03,
        5.1221785296249916450789119228509303E-03,
        9.0933899839755507503138083401499174E-03,
        9.0933899839755507503138083401499174E-03,
        9.0933899839755507503138083401499174E-03,
        9.0933899839755507503138083401499174E-03,
        4.8919635123724951325964837030949483E-03,
        4.8919635123724951325964837030949483E-03,
        4.8919635123724951325964837030949483E-03,
        4.8919635123724951325964837030949483E-03,
        2.1170043481496176452123608093442259E-03,
        2.1170043481496176452123608093442259E-03,
        2.1170043481496176452123608093442259E-03,
        2.1170043481496176452123608093442259E-03,
        1.5775667292860295000700331325534974E-03,
        1.5775667292860295000700331325534974E-03,
        1.5775667292860295000700331325534974E-03,
        1.5775667292860295000700331325534974E-03,
        4.4740234026661371947394187997984879E-03,
        4.4740234026661371947394187997984879E-03,
        4.4740234026661371947394187997984879E-03,
        4.4740234026661371947394187997984879E-03,
        2.5384265935863851736112700087383492E-03,
        2.5384265935863851736112700087383492E-03,
        2.5384265935863851736112700087383492E-03,
        2.5384265935863851736112700087383492E-03,
        9.7140935288780585091230604467813864E-04,
        9.7140935288780585091230604467813864E-04,
        9.7140935288780585091230604467813864E-04,
        9.7140935288780585091230604467813864E-04,
        2.3051708055861402983795352963988941E-03,
        2.3051708055861402983795352963988941E-03,
        2.3051708055861402983795352963988941E-03,
        2.3051708055861402983795352963988941E-03,
        3.6337724376505978701041157135171918E-03,
        3.6337724376505978701041157135171918E-03,
        3.6337724376505978701041157135171918E-03,
        3.6337724376505978701041157135171918E-03,
        5.7907715810629270839466166196125353E-03,
        5.7907715810629270839466166196125353E-03,
        5.7907715810629270839466166196125353E-03,
        5.7907715810629270839466166196125353E-03,
        1.0491062409453267845124705991338863E-02,
        1.0491062409453267845124705991338863E-02,
        1.0491062409453267845124705991338863E-02,
        1.0491062409453267845124705991338863E-02,
        6.0891527856206316298882897324870093E-04,
        6.0891527856206316298882897324870093E-04,
        6.0891527856206316298882897324870093E-04,
        6.0891527856206316298882897324870093E-04,
        2.6879686308017462974299729523794409E-03,
        2.6879686308017462974299729523794409E-03,
        2.6879686308017462974299729523794409E-03,
        2.6879686308017462974299729523794409E-03,
        3.0785478060657966383790030507696809E-03,
        3.0785478060657966383790030507696809E-03,
        3.0785478060657966383790030507696809E-03,
        3.0785478060657966383790030507696809E-03,
        8.7199469086344338260940803426517063E-03,
        8.7199469086344338260940803426517063E-03,
        8.7199469086344338260940803426517063E-03,
        8.7199469086344338260940803426517063E-03,
        1.0560444201714872322047397357749509E-02,
        1.0560444201714872322047397357749509E-02,
        1.0560444201714872322047397357749509E-02,
        1.0560444201714872322047397357749509E-02,
        1.0439894979684633657599618474007334E-02,
        1.0439894979684633657599618474007334E-02,
        1.0439894979684633657599618474007334E-02,
        1.0439894979684633657599618474007334E-02,
        4.1003782817681569229218853395571045E-03,
        4.1003782817681569229218853395571045E-03,
        4.1003782817681569229218853395571045E-03,
        4.1003782817681569229218853395571045E-03,
        2.2130537331684612052082356477962802E-03,
        2.2130537331684612052082356477962802E-03,
        2.2130537331684612052082356477962802E-03,
        2.2130537331684612052082356477962802E-03,
        6.3814376031091947111290464673291295E-03,
        6.3814376031091947111290464673291295E-03,
        6.3814376031091947111290464673291295E-03,
        6.3814376031091947111290464673291295E-03,
        9.2682026607773100978169126428977674E-03,
        9.2682026607773100978169126428977674E-03,
        9.2682026607773100978169126428977674E-03,
        9.2682026607773100978169126428977674E-03,
        7.3699172377452620433820698991240544E-03,
        7.3699172377452620433820698991240544E-03,
        7.3699172377452620433820698991240544E-03,
        7.3699172377452620433820698991240544E-03,
        3.7748192159523177543556963997364897E-03,
        3.7748192159523177543556963997364897E-03,
        3.7748192159523177543556963997364897E-03,
        3.7748192159523177543556963997364897E-03,
        7.5132448862570492090309212375247120E-03,
        7.5132448862570492090309212375247120E-03,
        7.5132448862570492090309212375247120E-03,
        7.5132448862570492090309212375247120E-03,
        1.5287029791986655923730772901563471E-03,
        1.5287029791986655923730772901563471E-03,
        1.5287029791986655923730772901563471E-03,
        1.5287029791986655923730772901563471E-03,
        8.7850025501005057808916339865459962E-03,
        8.7850025501005057808916339865459962E-03,
        8.7850025501005057808916339865459962E-03,
        8.7850025501005057808916339865459962E-03,
        4.1691851645139528599161375229071244E-03,
        4.1691851645139528599161375229071244E-03,
        4.1691851645139528599161375229071244E-03,
        4.1691851645139528599161375229071244E-03,
        1.1854692339231905593332755548071838E-03,
        1.1854692339231905593332755548071838E-03,
        1.1854692339231905593332755548071838E-03,
        1.1854692339231905593332755548071838E-03,
        2.2787299793602773027715294129446649E-03,
        2.2787299793602773027715294129446649E-03,
        2.2787299793602773027715294129446649E-03,
        2.2787299793602773027715294129446649E-03,
        7.4046543529502582509793179022702903E-03,
        7.4046543529502582509793179022702903E-03,
        7.4046543529502582509793179022702903E-03,
        7.4046543529502582509793179022702903E-03,
        7.6100678276299061157190319930240069E-04,
        7.6100678276299061157190319930240069E-04,
        7.6100678276299061157190319930240069E-04,
        7.6100678276299061157190319930240069E-04,
        1.3657167816982225171238840726544239E-02,
        1.3657167816982225171238840726544239E-02,
        1.3657167816982225171238840726544239E-02,
        1.3657167816982225171238840726544239E-02,
        7.9862982582305225601759519209448274E-03,
        7.9862982582305225601759519209448274E-03,
        7.9862982582305225601759519209448274E-03,
        7.9862982582305225601759519209448274E-03,
        1.8646336289393276334068492111942149E-03,
        1.8646336289393276334068492111942149E-03,
        1.8646336289393276334068492111942149E-03,
        1.8646336289393276334068492111942149E-03,
        5.5510593674152915652829511620566031E-03,
        5.5510593674152915652829511620566031E-03,
        5.5510593674152915652829511620566031E-03,
        5.5510593674152915652829511620566031E-03,
        1.3576015448738424657039493253680121E-03,
        1.3576015448738424657039493253680121E-03,
        1.3576015448738424657039493253680121E-03,
        1.3576015448738424657039493253680121E-03,
        2.6051800800570805340167830971901264E-03,
        2.6051800800570805340167830971901264E-03,
        2.6051800800570805340167830971901264E-03,
        2.6051800800570805340167830971901264E-03,
        7.1435793227653441329973163653975765E-03,
        7.1435793227653441329973163653975765E-03,
        7.1435793227653441329973163653975765E-03,
        7.1435793227653441329973163653975765E-03,
        8.5765912186193726802520027207246038E-04,
        8.5765912186193726802520027207246038E-04,
        8.5765912186193726802520027207246038E-04,
        8.5765912186193726802520027207246038E-04,
        9.1892774844058897220028912598144174E-04,
        9.1892774844058897220028912598144174E-04,
        9.1892774844058897220028912598144174E-04,
        9.1892774844058897220028912598144174E-04,
        1.1241440924550733482398919724938437E-03,
        1.1241440924550733482398919724938437E-03,
        1.1241440924550733482398919724938437E-03,
        1.1241440924550733482398919724938437E-03,
        2.1087258422885794526370044404977714E-03,
        2.1087258422885794526370044404977714E-03,
        2.1087258422885794526370044404977714E-03,
        2.1087258422885794526370044404977714E-03,
        1.6051236270970059257245654374519078E-03,
        1.6051236270970059257245654374519078E-03,
        1.6051236270970059257245654374519078E-03,
        1.6051236270970059257245654374519078E-03,
        2.6020034889887990951219126665018431E-03,
        2.6020034889887990951219126665018431E-03,
        2.6020034889887990951219126665018431E-03,
        2.6020034889887990951219126665018431E-03,
        6.6766369267314517614605310306194027E-04,
        6.6766369267314517614605310306194027E-04,
        6.6766369267314517614605310306194027E-04,
        6.6766369267314517614605310306194027E-04]
