

### nmax = 12; npols = 116; nquad = 31; sym_type = 3; error = 1.332E-32
### number_of_nodes = 121; inside = true; positive = true

const xs12 = @_static [
        6.8030267686608283944922522903931396E-03,
        4.5104393192214535972875697334940084E-01,
       -9.9949110568310526782349032546685261E-02,
       -3.9489687198487609314451466524902123E-01,
       -2.4287739588896538771629800289415016E-02,
       -5.6874119451466938731552023779700812E-03,
        2.8845492659057419872199406321975614E-01,
       -6.6647897200016493750006200224752644E-02,
       -2.7347341142055679265743209668332533E-01,
       -1.4732504531605049249127105149465001E-02,
        6.4417363256610643478631672497785828E-01,
       -1.2644911126378197116946433834027755E-01,
       -5.7482458967817752702872652554033996E-02,
       -4.8013716665259873409752054269952991E-01,
        6.8750420715836899222059008964428959E-01,
       -6.8180613022728137568660924152552824E-01,
       -1.2844913225886558094956424342771565E-01,
        4.4606371968736677336424561435006154E-01,
        1.0419910363698642760214252929248007E-01,
       -8.9877124096608593094375132782582389E-02,
        5.0357902380655771572245410412237766E-01,
       -8.9036426009955459119489992789196158E-03,
        4.6249536468156603804132769040897383E-01,
       -8.4970447504252852394000980562194578E-01,
        2.7457582094519872971004528391211835E-01,
        5.9810274750005546452669616891138904E-01,
        5.6364330229393971857320967165902724E-01,
        5.7414565887897565393377843157377114E-01,
        2.9608791805682958898292590036642140E-01,
        4.3421929679890892023320331615578876E-01,
        0.0000000000000000000000000000000000E+00]
const ys12 = @_static [
       -8.2596862342322574256590518845424347E-02,
        1.0821202134538577374969249627991552E-01,
        2.4197578706736466976806417469879187E-01,
        1.1413788687652435173991127427304068E-01,
       -2.6514316042304985790420347686164800E-02,
        3.4858959011041682174423860851616562E-01,
        4.2784725343615887918684705999981991E-01,
        1.2806063257781245033274207843625520E-01,
       -2.9407251115879166709038137213942440E-02,
        9.1854466981081359360621060314977154E-01,
       -3.4940820590592155741346334605018970E-02,
        3.6283565531804415786151403789168328E-02,
        1.6499388800997206578041357351808325E-01,
       -1.6177063742682688634945029418896044E-01,
       -2.7368979994342299362854426815461838E-01,
       -5.9937509246235246411957629297895987E-02,
        4.0570426532816308199935169922517005E-02,
       -5.8579944579857813009300973175431133E-02,
        3.6270105900135502196499572611774880E-02,
        8.8554165972312764543405559838795902E-01,
       -2.3758086016138034133914829113393342E-01,
       -2.2873250306095625660704280096850684E-02,
       -5.1794228415660142202442522235280750E-01,
       -4.9053256883155045101900209574698865E-01,
        3.2919638048362629374927944148025586E-01,
       -6.6407142543183459228405087096467400E-02,
       -3.4678775302781663987360955629430370E-01,
       -4.7649613506837076284225501889080910E-01,
        2.8217205625508033058945258931565640E-02,
        2.9861445393234149162637691524227106E-01,
        0.0000000000000000000000000000000000E+00]
const zs12 = @_static [
        4.9958299057509676271286061200856888E-01,
       -1.1085451146825204308168615786682583E-01,
        1.1875024764979115846646249399482611E-01,
       -2.3203441192328234306467764085967157E-01,
        7.8866045613810295418090813636641865E-01,
        2.9521386255069760358238386368670464E-01,
       -1.5059933151455809377554976505400712E-01,
        6.3181623868702554789538115965357519E-01,
       -3.5753392920915855727032961281404636E-01,
       -1.9362977608836422573822160636187564E-01,
       -4.0508814095767745987875075504822987E-01,
        3.0938026877778243245044626461548847E-01,
       -2.1505381011552830939241230996881127E-01,
       -6.3516025662622139367756936621291936E-03,
       -9.5946542655444850765647606449270555E-02,
       -3.7215738464886591168842309289035676E-01,
        8.4804997943141507386677124973282611E-01,
       -3.6224083664431875724225085681514978E-01,
       -3.6946131079946545970697037990108664E-01,
       -3.6891560704869673336923611542284044E-01,
        2.8404312919063077854027803414114014E-01,
        1.1449890047485265612909754328536796E+00,
       -3.7017711584845480241603681895233447E-01,
       -2.7852225155188442995917322872206624E-01,
       -4.0326583271064316922032093657859640E-01,
       -2.7608161592336051406063712117826900E-01,
        3.3171799999027544837541314630881061E-03,
       -2.0943045899966098193022696792270992E-01,
        4.3066829659727766977742168723507183E-01,
       -3.5107754730926608264163384000817510E-01,
        0.0000000000000000000000000000000000E+00]
const ws12 = @_static [
        6.0179594331428179751918027340946798E-02,
        2.6022702394779192367089691853731261E-02,
        6.1290966096657855764862473380033636E-02,
        3.4911569704236010986836057954746976E-02,
        3.1358465324411054390215471847021728E-02,
        5.3294499735885590519196147420444568E-02,
        2.5095843534591828160321685222027817E-02,
        3.7862813901556988899623678404878060E-02,
        4.7401982105365992264172729376073852E-02,
        1.1327467887627375958014459372749476E-02,
        6.0071477100448170713298129204447081E-03,
        7.0897800613649606335972724846177035E-02,
        8.0682624130471351825374969233643621E-02,
        5.3458870316176146998110168517453986E-02,
        1.5798099509647103718424230807170074E-02,
        6.0881521902583509729574071715299978E-03,
        9.1501237969288394566577099789442776E-03,
        4.1284144928339015104075727441843317E-02,
        4.7542877122607240044573109788798369E-02,
        1.1967379991737878304297930883559739E-02,
        1.6184936758791055204081346766930006E-02,
        1.9324697119226127002051698970241323E-03,
        1.7826753566687130045236143212885867E-02,
        1.0298043990649986538524035103938065E-02,
        1.5274729710304956783982455384133995E-02,
        3.1694026452094760158763421088597168E-02,
        3.5598528736543944844844548575114800E-02,
        2.2763496082146311656667431862141130E-02,
        2.0327852721820465828200463384874462E-02,
        1.9860521690464151388716251336726431E-02,
        1.9424556834237571824547002431884934E-02]


### nmax = 13; npols = 140; nquad = 37; sym_type = 3; error = 1.018E-32
### number_of_nodes = 145; inside = true; positive = true

const xs13 = @_static [
        2.6585707533513791313628368680787322E-01,
       -5.4582772483272970294873119408677476E-01,
        5.2120224784902042585986856930357777E-01,
        2.6972055695907586655396767078269288E-01,
       -3.8775432796863784231960670679237629E-01,
       -6.3383296865727604205177289642641315E-01,
        4.2327560261220150237466672127731088E-02,
        5.3081074103645667581539261904651010E-01,
       -8.0296077477465602343278631711626821E-03,
       -1.5325639131239389840413479879556903E-01,
       -3.5988945120683986463004340543977231E-01,
        4.4793874331742356963991196701712457E-01,
        6.3018643381793557095936308994680026E-01,
       -2.2242859715133081039725919858687916E-02,
        1.2279299245607318358866034156412662E-02,
       -1.4258932980879877236690266078533052E-02,
        5.7511927100605303628104551537113414E-02,
        6.5792795907601862364537750901026692E-01,
       -2.0374923878346543860491402468013715E-01,
       -2.3077276433022066138522811617184252E-01,
       -3.7105491024618098255029905732636059E-01,
       -4.7908603401634148084878641503846421E-01,
       -4.0611548644398297185151269928138729E-01,
       -2.5772990582531748435357949807018642E-01,
        9.2260007738461565736460550979383346E-02,
        5.7815526959845583765098730279143539E-01,
       -2.1000017688194077530029768788206805E-02,
       -1.6960918091758042713323198771414256E-01,
       -9.1945775489603008378391184252921621E-02,
       -2.4046160276856456537389295448390624E-01,
       -5.6169816432902923613427254424290201E-03,
       -1.1161544765023619656091273597543305E-01,
        4.6396177595916836917266556592512744E-01,
        4.7820474925677125351504771139723591E-01,
       -1.7681995148325162656744946034092280E-03,
        2.0542228988689230060067857526400765E-04,
        0.0000000000000000000000000000000000E+00]
const ys13 = @_static [
        1.6881624266340641218205585105022701E-01,
       -1.5004892641187938134379303013146786E-01,
       -1.1613747211753103159044268059336693E-01,
        4.9931759467211915709220179383354281E-01,
        1.7658218055636562195009546289942823E-01,
       -3.1308293214985096285199987481198869E-01,
       -3.5625602482026829607178971766257716E-01,
       -2.9728197603632683698756390016848365E-01,
       -2.1016438206557281536615823444136021E-01,
        9.9556261422179882052412476628269476E-02,
       -1.0450107154938877138918033412533717E-01,
       -3.5144110072143572908954814886167044E-01,
       -1.1163831771118003613509535656207437E-01,
        3.3231345938983210288614516795890798E-01,
        3.6406277156926374768409575622903576E-01,
       -3.8309025862519837155602077491809542E-02,
       -1.2991217799491735717585435645972233E-01,
       -3.8943220728045396186759086605002040E-01,
        2.0588642036119370040623545796358646E-01,
        1.4285629101204133738086288176982160E-01,
       -2.6557133856573991633014223521442526E-01,
       -2.4326466562468814562389594811770790E-01,
        1.6673266349448210375534706067157470E-01,
       -1.4168475920936162135229300911812505E-01,
       -5.3015932140568824748904359058507221E-02,
       -2.6497106350133795690531319991341087E-01,
        7.4995735328731963796625110140971834E-01,
        3.6168646785429817496316542919479568E-01,
       -1.1089539701310145455399852251626636E-01,
       -5.8935949178041046683628901939443161E-02,
        9.4260695028810298921957658805596033E-01,
        5.4600636659637210774338077912160910E-02,
       -4.0332142861839296280455852814811133E-01,
       -2.3323003770285542082784205829271107E-01,
        4.5027000634629635099002312095206567E-03,
        1.2232709213652230946525696913908539E-01,
        0.0000000000000000000000000000000000E+00]
const zs13 = @_static [
       -3.9161746344257998451020516528732575E-01,
       -3.7670646173523015506988732652775494E-02,
        2.3411931531768794538566908322126937E-02,
       -2.3996647121512093968899987150991652E-01,
       -4.3269807268345266078273433734646038E-03,
        3.3692261907812564625107743287192309E-02,
        1.4857537558763259205303726011051077E-02,
       -3.2756769158551052386895614037773329E-02,
       -1.4946918094012105695972543318599829E-01,
        3.3554077805073944262208676480579411E-01,
       -8.5428176495341392272590831263828268E-02,
       -2.8770881324407406788467832334219133E-01,
       -2.4314382416446373930107837988024425E-01,
        6.8209034447832170841667137491779242E-01,
        3.2435033871221920625581774375924307E-01,
        7.9696714588475925851417748638431944E-01,
        8.3040724930878042037631216524642368E-01,
        4.1039609908507595122845580522683671E-02,
       -5.9051130837106621161546243106711856E-02,
        4.4276071700999553261882838827134194E-01,
        4.0531466666287666895313117495238602E-01,
        3.7714565910564673250821322414088840E-01,
       -2.2205899586434809000719884637397644E-01,
        7.1957228061907926220046267721796245E-01,
        9.8330545803631263340369372356739285E-01,
        9.8792802719160966606403742309018320E-02,
       -3.7577776717683472601906895693942568E-01,
        1.8106998339394293216100324311062684E-01,
        4.7054026533270382391541627216071933E-01,
        5.6177543360713286636414672003483245E-01,
       -2.1896973414538370346408563589299827E-01,
        8.2247081616110228615634886966709638E-01,
        3.6614347753193505624867773771463759E-02,
        3.5584549784638717486652940300733035E-01,
        1.1091676026884688133855400292962089E+00,
        9.3694703560260522694165737850280912E-01,
        0.0000000000000000000000000000000000E+00]
const ws13 = @_static [
        1.7329087421565618481246368251327380E-02,
        2.9772211631654315785559013882745063E-02,
        2.5675195119596992447175731661323377E-02,
        2.0019589567473761013243784004391593E-02,
        1.5868488236380836169824184727588483E-02,
        1.6434767803187138615777501631584442E-02,
        4.0210827952151403161204508878548772E-02,
        3.7854938664935230742430062755830644E-02,
        6.5677581912984139819452898843958459E-02,
        5.7920064073674962171308099663553688E-02,
        6.4034384200536055368341034004783591E-02,
        3.8626631701526813997140691961910774E-02,
        2.0053100144080295546861742536914402E-02,
        5.5285073500886720736598425297436878E-03,
        4.6405021537663465956891598209882969E-02,
        2.6660758147855472736606489559913267E-02,
        8.6941408754253899662782702657397399E-03,
        1.1774236589150278922982739081882075E-02,
        7.1064749371161451774535290803827666E-02,
        1.2966594906808687448426167293949827E-02,
        1.6050457573996117412328913337065051E-02,
        7.4450085008993062374621602827970286E-03,
        3.9602203654866081497944442785216687E-02,
        9.3411852374690118223478161420354292E-03,
        6.5154686650129822092401875619766984E-03,
        9.7946521262913315274282623547987634E-03,
        1.7445749983969202671902738663891182E-02,
        3.8637913004031155841607062311030922E-02,
        5.0469220454884120145096279773149099E-02,
        3.3872467196510225432454635247198276E-02,
        9.4273416741107109997297940547733837E-03,
        1.3416823693909982823437525919458889E-02,
        1.3522452140846544678964261818460428E-02,
        8.7771717533560615821930563130753787E-03,
        4.8179948011856570607063044603508875E-03,
        1.1080854875615383129655806594195626E-02,
        2.0021199037208508596347214637599734E-02]


### nmax = 15; npols = 204; nquad = 53; sym_type = 3; error = 1.177E-32
### number_of_nodes = 212; inside = true; positive = true

const xs15 = @_static [
       -4.1361587749240970815665058184752652E-01,
        4.8484980098776460191192136220779020E-02,
       -1.7047853365296575046099072805189683E-01,
        1.1626987026775244520672370098004702E-01,
        1.4863667935000295189270363657272258E-01,
       -2.0681701575798988776065196639024349E-01,
        3.7324900053096455111691793366455829E-01,
       -1.0356633619894283310339597406251976E-01,
       -2.3291004960077253721362937574678137E-03,
        8.9716793859775590938515019972447802E-02,
       -9.0995494406140334352536004623285524E-02,
        7.6828248776421529839112508356939322E-02,
        1.6626901961025762369700751180407339E-01,
       -2.8658739545692924324412413732534699E-02,
       -5.9652266449916459721239314009293778E-01,
       -7.0212245306377847973797375497548696E-01,
        7.0773254923143015670577532788212507E-01,
       -4.0316248874231516511871547266244443E-01,
       -8.2426812936543922987638291010710094E-02,
        5.1629579916603057827305461945762756E-01,
        5.4971112510483293767923655669309321E-01,
        4.9277742114015690183032932106056503E-01,
       -4.5534013723175858965519558302105162E-01,
       -8.9349600571841078623491681889589130E-02,
       -1.4165028297324125232393245632938542E-01,
       -3.3309650088188468966237549684026118E-01,
        4.3384628052291402610219952200617102E-01,
        1.0331540141954940015522135073491127E-01,
       -2.7383662542648750593857963077123055E-01,
       -3.5115243808671846838757573135266402E-01,
       -7.7046011309678704016216659300172669E-02,
        2.6043320299694686481497630089049526E-01,
        7.3199167669009969285837514304405233E-01,
       -4.0541382832832982077810215653503398E-01,
       -4.9043644638920257563155110641674906E-01,
        8.8574974291585139067061008072543818E-02,
        6.8238623560064499174345186361048654E-01,
        1.7777394673400788161394103366283785E-01,
        5.8404572887446897707644639321125080E-01,
       -1.1200089711672086722869446835722335E-01,
        4.3599237491141302277768179126156528E-01,
       -3.9480996167466205386052514411837281E-01,
       -1.8213761481925748437370094245296490E-01,
        7.5472532169856439973690237470403810E-01,
        4.8335377336883342824387366627768681E-01,
        1.1177555146734039035369576485689395E-02,
        5.5129089840392204699690763891831468E-01,
        7.1747300199936963025150433129955808E-02,
       -1.9274420580474646019025396178445331E-03,
       -2.1343104613282882216102356824315452E-01,
        1.1012769014914408474990201867899604E-01,
        7.1470343354109443104528054395778330E-01,
       -1.4789521692555528354115502037100233E-03]
const ys15 = @_static [
       -4.6405768286069336639312585746614945E-02,
        1.7856225922076867422951799435296781E-01,
        5.7976348607031931090222740372569748E-01,
        3.8441261086165026605006861623027327E-01,
        6.8455976839476349886372540575655717E-02,
       -4.3372293887366742675725907596597070E-01,
       -1.4640075459316146429133046358157143E-01,
        3.0300057998276111971616711235599329E-01,
       -7.3228197872303207356493216139800762E-02,
        6.4329028614610271628548042510400016E-01,
        7.2824947932638024285584435541381201E-01,
        4.1063737521534025690733598952644242E-01,
        3.4896746613217615353891216821923656E-01,
        4.3249204017028670334454722756517353E-01,
       -3.3332551494245495425453512759376933E-01,
       -4.1203512671941106047029040104196631E-01,
       -4.2785357825430183014516238430243344E-01,
       -2.3389182634025263643576058651857427E-01,
        1.5135654143184109757681173269477215E-01,
       -5.4145973954236969707186618931131988E-01,
        8.9040480382576955741941548973165348E-02,
       -5.1659894146294658479708578562596215E-01,
       -1.9395339289403172476186101408752819E-01,
       -3.2179518463207419387287337372382101E-01,
        2.8898544167067854368485150377346272E-01,
       -3.4761724856334363334931789490602915E-01,
       -3.4122548112818533023131277981892317E-01,
       -7.9238490285482440714347113849120349E-02,
       -2.4667304006675511321267425535348481E-01,
       -3.9370904679649629640649796350706090E-01,
        1.9592231026318115670852906922316934E-01,
        3.5928788616620623934844348082991249E-01,
       -4.2684988768414748856557153010282925E-01,
        4.8825282828849119267028687964279690E-02,
        9.3730438559947453746030947140780948E-02,
        3.0732265612153195088085025830863721E-02,
       -3.1643502243651900315273047180855854E-01,
       -2.6067112164423756255525997221824206E-01,
       -3.3689265192969237994848850465907733E-01,
       -1.2871884927795888689145105443017792E-01,
        7.4602418238283205323001968840071793E-02,
        1.5025607170791757674900650477494171E-01,
       -4.8495209681748813856822694771652058E-01,
       -5.3478454641368086155694400509030651E-01,
        5.8434565365367578536717933942603669E-02,
        6.8790285857134748141088451672449635E-01,
        1.4193512553211195239093671322719562E-01,
       -4.9431775712083225779809534564090437E-02,
        9.8308906129132039788596076027206242E-01,
       -1.2056793776766102574249948594530332E-01,
        7.1165662299799114882952223790723101E-01,
       -4.0526334475084495949033535750064492E-01,
        3.1501508115531923228025746612718160E-03]
const zs15 = @_static [
       -4.0618674017300277509678168780481333E-01,
       -2.9307630345331719360183433656006908E-01,
       -3.7725603979058605717033614930820888E-01,
       -3.8116593626577145856879372964306213E-01,
        6.8034062393150680357803301454106547E-01,
       -2.1781485443049068946002932765105121E-02,
       -1.7012481470417589423378276562076204E-01,
       -3.6951091779554483498709958405875494E-01,
       -3.4466533241607746379666441544089896E-01,
       -2.7636446247604129513772566449714384E-01,
       -6.9471628300445469482889689524335761E-02,
        4.3366750797169925799497807982258271E-01,
        2.2884127101379266315580502070684407E-01,
        4.6378390637670080019953221933335525E-01,
        1.8823853132299761333477149807538223E-01,
       -3.8071865908431682768221814665064732E-01,
       -2.5649143304639511285791579839806849E-01,
       -3.5026044926222643887381838942973403E-01,
       -1.8687792850834377432444866796969367E-01,
       -4.0715274345659245198260643128383020E-01,
       -3.0743805993407159362727670729290727E-01,
       -3.1748725313163821093760395133751507E-01,
       -9.4737449368730749728052118595894462E-02,
       -1.4602135916110928553889459412990806E-01,
       -3.9342537473166731261869785048048677E-02,
        1.7983154972717332928893068228597674E-01,
        2.3175088077357265034228996918781753E-01,
        6.3341513269628330434335975872539201E-01,
        8.4076982664443381911767768631775359E-02,
       -8.9358078895031532628584647756533246E-02,
        6.7757852163398124960515570370439886E-01,
       -3.0313558469687420576665537167641899E-01,
       -5.8247358198235415249995926164229915E-02,
       -2.3679449612204632254444707736752806E-01,
       -3.6473340662679245744538664005517621E-01,
        9.3597368065415646040361701469419995E-01,
       -5.3697809735585383695585175987172517E-02,
        3.2033737347308866464419372496264849E-01,
        2.2993838847515120399408360163359438E-01,
        3.6120223950221807598786096059255182E-02,
       -2.0595400861270155526644021939512047E-01,
        4.4371773405409991383293324675619730E-02,
       -2.7755449331254549212772654944277813E-01,
       -3.7760512752776294341562782269549882E-01,
       -6.4188005719955724334146654969921284E-02,
       -1.0053685955955014807028678162578471E-01,
       -4.0129290763773667426331408787411067E-01,
        1.0253902991472648467255299815760016E+00,
       -2.4651352623163312910887127690784711E-01,
        7.8360918376209729528817643816211379E-01,
       -5.5339854341350682312474254101003978E-02,
       -3.8029851495644849234732487839337823E-01,
        1.1300570074658368581833737923321692E+00]
const ws15 = @_static [
        5.2579823537214171475506893076807197E-03,
        3.3229333191182958026986052583624874E-02,
        1.1135586287487841105109645378191827E-02,
        1.5452226490901089327410822327689455E-02,
        1.3413261918101486640744410279772112E-02,
        8.1086592961155770167020802855071604E-03,
        3.2667872898865604214378107193845746E-02,
        2.0488714118499966580315647691403971E-02,
        3.6373559935902203001255233360600115E-02,
        1.9567854049489980530385934812380034E-02,
        8.4680173925984705808494432373770074E-03,
        6.3102669171441180002801325302140673E-03,
        1.7896093610664548778957675199194171E-02,
        1.0153706374345540694445080034953522E-02,
        3.8856374115512234036492241787126020E-03,
        9.2206832223445611935181411855956892E-03,
        1.4535089750602391480416462854068945E-02,
        2.3163086324251708335786466478450424E-02,
        4.1964249637813071380498823965355968E-02,
        2.4356611142482526519553158929948334E-03,
        1.0751874523206985189719891809517898E-02,
        1.2314191224263186553516012203078874E-02,
        3.4879787634537735304376321370607258E-02,
        4.2241776806859489288189589430998553E-02,
        4.1759579918738534630398473896029852E-02,
        1.6401513127072627691687541358228620E-02,
        8.8522149326738448208329425911852293E-03,
        2.5525750412436778844516185869316831E-02,
        3.7072810643109240391267650571591527E-02,
        2.9479668950981048173528279596496582E-02,
        1.5099276863809271017422785598946142E-02,
        3.0052979545028196836123684950099212E-02,
        6.1148119167946623694923091606254630E-03,
        3.5140010200402023123566535946184418E-02,
        1.6676740658055811439664550091628702E-02,
        4.7418769356927622373331022192287931E-03,
        9.1149199174411092110861176517787710E-03,
        2.9618617411801033003917271609081525E-02,
        3.0440271310519624462876127972096404E-03,
        5.4628671267928900684955362906177624E-02,
        3.1945193032922090240703807683779701E-02,
        7.4585345157573105336273968447769499E-03,
        2.2204237469661166261131804648226683E-02,
        5.4304061794953698628157973014721148E-03,
        1.0420720320228322136067132388760632E-02,
        2.8574317291061376531989265461590658E-02,
        3.4306364874477490721008010882898840E-03,
        3.6757109937623558888011565039258121E-03,
        4.4965763698202933929595678899754306E-03,
        8.4349033691543178105480177619911893E-03,
        6.4204945083880237028982617498077101E-03,
        1.0408013955955196380487650666007500E-02,
        2.6706547706925807045842124122477938E-03]
