

### nmax = 12; npols = 116; nquad = 31; sym_type = 3; error = 8.494E-15
### number_of_nodes = 121; inside = true; positive = true

const xs12 = @_static [
        6.8030267686603994E-03,
        4.5104393192214487E-01,
       -9.9949110568309907E-02,
       -3.9489687198487727E-01,
       -2.4287739588896528E-02,
       -5.6874119451462623E-03,
        2.8845492659057415E-01,
       -6.6647897200016695E-02,
       -2.7347341142055709E-01,
       -1.4732504531604969E-02,
        6.4417363256610649E-01,
       -1.2644911126378197E-01,
       -5.7482458967818909E-02,
       -4.8013716665259876E-01,
        6.8750420715836913E-01,
       -6.8180613022728143E-01,
       -1.2844913225886570E-01,
        4.4606371968736674E-01,
        1.0419910363698665E-01,
       -8.9877124096608862E-02,
        5.0357902380655806E-01,
       -8.9036426009954841E-03,
        4.6249536468156555E-01,
       -8.4970447504252822E-01,
        2.7457582094519900E-01,
        5.9810274750005554E-01,
        5.6364330229393966E-01,
        5.7414565887897584E-01,
        2.9608791805682971E-01,
        4.3421929679890919E-01,
        1.4518004195544965E-16]
const ys12 = @_static [
       -8.2596862342322358E-02,
        1.0821202134538635E-01,
        2.4197578706736500E-01,
        1.1413788687652514E-01,
       -2.6514316042305058E-02,
        3.4858959011041718E-01,
        4.2784725343615909E-01,
        1.2806063257781200E-01,
       -2.9407251115879197E-02,
        9.1854466981081362E-01,
       -3.4940820590592225E-02,
        3.6283565531804750E-02,
        1.6499388800997217E-01,
       -1.6177063742682693E-01,
       -2.7368979994342330E-01,
       -5.9937509246235185E-02,
        4.0570426532816305E-02,
       -5.8579944579858143E-02,
        3.6270105900135484E-02,
        8.8554165972312759E-01,
       -2.3758086016138050E-01,
       -2.2873250306095494E-02,
       -5.1794228415660115E-01,
       -4.9053256883155022E-01,
        3.2919638048362621E-01,
       -6.6407142543183459E-02,
       -3.4678775302781661E-01,
       -4.7649613506837063E-01,
        2.8217205625508210E-02,
        2.9861445393234098E-01,
        2.7133919627701408E-16]
const zs12 = @_static [
        4.9958299057509625E-01,
       -1.1085451146825226E-01,
        1.1875024764979217E-01,
       -2.3203441192328372E-01,
        7.8866045613810376E-01,
        2.9521386255069765E-01,
       -1.5059933151455837E-01,
        6.3181623868702552E-01,
       -3.5753392920915850E-01,
       -1.9362977608836396E-01,
       -4.0508814095767753E-01,
        3.0938026877778146E-01,
       -2.1505381011552901E-01,
       -6.3516025662623387E-03,
       -9.5946542655445097E-02,
       -3.7215738464886555E-01,
        8.4804997943141558E-01,
       -3.6224083664431878E-01,
       -3.6946131079946543E-01,
       -3.6891560704869686E-01,
        2.8404312919063124E-01,
        1.1449890047485256E+00,
       -3.7017711584845470E-01,
       -2.7852225155188404E-01,
       -4.0326583271064342E-01,
       -2.7608161592336050E-01,
        3.3171799999021957E-03,
       -2.0943045899966087E-01,
        4.3066829659727779E-01,
       -3.5107754730926605E-01,
        8.9308401072652576E-17]
const ws12 = @_static [
        6.0179594331428422E-02,
        2.6022702394779204E-02,
        6.1290966096657733E-02,
        3.4911569704235826E-02,
        3.1358465324411056E-02,
        5.3294499735885500E-02,
        2.5095843534591815E-02,
        3.7862813901557019E-02,
        4.7401982105366169E-02,
        1.1327467887627332E-02,
        6.0071477100448233E-03,
        7.0897800613649586E-02,
        8.0682624130471545E-02,
        5.3458870316176160E-02,
        1.5798099509647136E-02,
        6.0881521902583962E-03,
        9.1501237969287726E-03,
        4.1284144928339095E-02,
        4.7542877122607276E-02,
        1.1967379991737798E-02,
        1.6184936758790989E-02,
        1.9324697119226398E-03,
        1.7826753566687167E-02,
        1.0298043990649992E-02,
        1.5274729710304880E-02,
        3.1694026452094751E-02,
        3.5598528736543962E-02,
        2.2763496082146274E-02,
        2.0327852721820486E-02,
        1.9860521690464164E-02,
        1.9424556834237702E-02]


### nmax = 13; npols = 140; nquad = 37; sym_type = 3; error = 1.604E-14
### number_of_nodes = 145; inside = true; positive = true

const xs13 = @_static [
        2.6585707533513830E-01,
       -5.4582772483272946E-01,
        5.2120224784901970E-01,
        2.6972055695907615E-01,
       -3.8775432796863774E-01,
       -6.3383296865727556E-01,
        4.2327560261222558E-02,
        5.3081074103645731E-01,
       -8.0296077477453875E-03,
       -1.5325639131239474E-01,
       -3.5988945120684041E-01,
        4.4793874331742384E-01,
        6.3018643381793549E-01,
       -2.2242859715133075E-02,
        1.2279299245607700E-02,
       -1.4258932980879992E-02,
        5.7511927100605813E-02,
        6.5792795907601798E-01,
       -2.0374923878346540E-01,
       -2.3077276433022081E-01,
       -3.7105491024618087E-01,
       -4.7908603401634126E-01,
       -4.0611548644398321E-01,
       -2.5772990582531685E-01,
        9.2260007738461700E-02,
        5.7815526959845664E-01,
       -2.1000017688193914E-02,
       -1.6960918091758026E-01,
       -9.1945775489603171E-02,
       -2.4046160276856460E-01,
       -5.6169816432904054E-03,
       -1.1161544765023630E-01,
        4.6396177595916760E-01,
        4.7820474925677176E-01,
       -1.7681995148328229E-03,
        2.0542228988695149E-04,
        3.2766969102749807E-15]
const ys13 = @_static [
        1.6881624266340656E-01,
       -1.5004892641187875E-01,
       -1.1613747211753120E-01,
        4.9931759467211856E-01,
        1.7658218055636679E-01,
       -3.1308293214985028E-01,
       -3.5625602482026858E-01,
       -2.9728197603632722E-01,
       -2.1016438206557322E-01,
        9.9556261422179618E-02,
       -1.0450107154938998E-01,
       -3.5144110072143608E-01,
       -1.1163831771117998E-01,
        3.3231345938983120E-01,
        3.6406277156926331E-01,
       -3.8309025862520614E-02,
       -1.2991217799491764E-01,
       -3.8943220728045402E-01,
        2.0588642036119317E-01,
        1.4285629101204117E-01,
       -2.6557133856573967E-01,
       -2.4326466562468810E-01,
        1.6673266349448160E-01,
       -1.4168475920936119E-01,
       -5.3015932140568607E-02,
       -2.6497106350133842E-01,
        7.4995735328731894E-01,
        3.6168646785429820E-01,
       -1.1089539701310158E-01,
       -5.8935949178041222E-02,
        9.4260695028810382E-01,
        5.4600636659637054E-02,
       -4.0332142861839299E-01,
       -2.3323003770285580E-01,
        4.5027000634628306E-03,
        1.2232709213652215E-01,
       -2.4836897902358244E-15]
const zs13 = @_static [
       -3.9161746344258008E-01,
       -3.7670646173523878E-02,
        2.3411931531769410E-02,
       -2.3996647121512044E-01,
       -4.3269807268341608E-03,
        3.3692261907812895E-02,
        1.4857537558763878E-02,
       -3.2756769158550442E-02,
       -1.4946918094012085E-01,
        3.3554077805073929E-01,
       -8.5428176495342859E-02,
       -2.8770881324407455E-01,
       -2.4314382416446320E-01,
        6.8209034447832195E-01,
        3.2435033871221991E-01,
        7.9696714588475881E-01,
        8.3040724930878107E-01,
        4.1039609908507746E-02,
       -5.9051130837106253E-02,
        4.4276071700999564E-01,
        4.0531466666287669E-01,
        3.7714565910564751E-01,
       -2.2205899586434769E-01,
        7.1957228061907996E-01,
        9.8330545803631253E-01,
        9.8792802719160369E-02,
       -3.7577776717683459E-01,
        1.8106998339394284E-01,
        4.7054026533270371E-01,
        5.6177543360713278E-01,
       -2.1896973414538443E-01,
        8.2247081616110229E-01,
        3.6614347753194255E-02,
        3.5584549784638569E-01,
        1.1091676026884691E+00,
        9.3694703560260528E-01,
        3.9042210405373200E-15]
const ws13 = @_static [
        1.7329087421565661E-02,
        2.9772211631654371E-02,
        2.5675195119597156E-02,
        2.0019589567473677E-02,
        1.5868488236380443E-02,
        1.6434767803187145E-02,
        4.0210827952151480E-02,
        3.7854938664935146E-02,
        6.5677581912984478E-02,
        5.7920064073675122E-02,
        6.4034384200535949E-02,
        3.8626631701526956E-02,
        2.0053100144080235E-02,
        5.5285073500887846E-03,
        4.6405021537663439E-02,
        2.6660758147855634E-02,
        8.6941408754251971E-03,
        1.1774236589150217E-02,
        7.1064749371161404E-02,
        1.2966594906808576E-02,
        1.6050457573996171E-02,
        7.4450085008992894E-03,
        3.9602203654866240E-02,
        9.3411852374690636E-03,
        6.5154686650130177E-03,
        9.7946521262911972E-03,
        1.7445749983969257E-02,
        3.8637913004031146E-02,
        5.0469220454884139E-02,
        3.3872467196510256E-02,
        9.4273416741106723E-03,
        1.3416823693910028E-02,
        1.3522452140846294E-02,
        8.7771717533561798E-03,
        4.8179948011856334E-03,
        1.1080854875615461E-02,
        2.0021199037208438E-02]


### nmax = 15; npols = 204; nquad = 53; sym_type = 3; error = 1.052E-14
### number_of_nodes = 212; inside = true; positive = true

const xs15 = @_static [
       -4.1361587749240936E-01,
        4.8484980098775859E-02,
       -1.7047853365296570E-01,
        1.1626987026775193E-01,
        1.4863667935000260E-01,
       -2.0681701575798719E-01,
        3.7324900053096444E-01,
       -1.0356633619894252E-01,
       -2.3291004960078929E-03,
        8.9716793859775670E-02,
       -9.0995494406140298E-02,
        7.6828248776422012E-02,
        1.6626901961025745E-01,
       -2.8658739545692299E-02,
       -5.9652266449916602E-01,
       -7.0212245306377807E-01,
        7.0773254923142981E-01,
       -4.0316248874231342E-01,
       -8.2426812936543775E-02,
        5.1629579916603019E-01,
        5.4971112510483322E-01,
        4.9277742114015716E-01,
       -4.5534013723175842E-01,
       -8.9349600571841090E-02,
       -1.4165028297324117E-01,
       -3.3309650088188569E-01,
        4.3384628052291374E-01,
        1.0331540141954916E-01,
       -2.7383662542648773E-01,
       -3.5115243808671753E-01,
       -7.7046011309678544E-02,
        2.6043320299694672E-01,
        7.3199167669009846E-01,
       -4.0541382832832978E-01,
       -4.9043644638920281E-01,
        8.8574974291585271E-02,
        6.8238623560064549E-01,
        1.7777394673400815E-01,
        5.8404572887446893E-01,
       -1.1200089711672034E-01,
        4.3599237491141296E-01,
       -3.9480996167466303E-01,
       -1.8213761481925764E-01,
        7.5472532169856399E-01,
        4.8335377336883334E-01,
        1.1177555146734261E-02,
        5.5129089840392231E-01,
        7.1747300199936720E-02,
       -1.9274420580475827E-03,
       -2.1343104613282896E-01,
        1.1012769014914438E-01,
        7.1470343354109422E-01,
       -1.4789521692553855E-03]
const ys15 = @_static [
       -4.6405768286068842E-02,
        1.7856225922076827E-01,
        5.7976348607031836E-01,
        3.8441261086165113E-01,
        6.8455976839475990E-02,
       -4.3372293887366775E-01,
       -1.4640075459316026E-01,
        3.0300057998276236E-01,
       -7.3228197872303960E-02,
        6.4329028614610217E-01,
        7.2824947932638040E-01,
        4.1063737521534055E-01,
        3.4896746613217550E-01,
        4.3249204017028675E-01,
       -3.3332551494245516E-01,
       -4.1203512671941128E-01,
       -4.2785357825430220E-01,
       -2.3389182634025291E-01,
        1.5135654143184152E-01,
       -5.4145973954237014E-01,
        8.9040480382576587E-02,
       -5.1659894146294660E-01,
       -1.9395339289403160E-01,
       -3.2179518463207424E-01,
        2.8898544167067886E-01,
       -3.4761724856334397E-01,
       -3.4122548112818540E-01,
       -7.9238490285483493E-02,
       -2.4667304006675428E-01,
       -3.9370904679649643E-01,
        1.9592231026318122E-01,
        3.5928788616620655E-01,
       -4.2684988768414700E-01,
        4.8825282828849521E-02,
        9.3730438559947615E-02,
        3.0732265612153458E-02,
       -3.1643502243651894E-01,
       -2.6067112164423789E-01,
       -3.3689265192969237E-01,
       -1.2871884927795921E-01,
        7.4602418238284160E-02,
        1.5025607170791666E-01,
       -4.8495209681748830E-01,
       -5.3478454641368067E-01,
        5.8434565365367945E-02,
        6.8790285857134748E-01,
        1.4193512553211191E-01,
       -4.9431775712083396E-02,
        9.8308906129132057E-01,
       -1.2056793776766105E-01,
        7.1165662299799048E-01,
       -4.0526334475084458E-01,
        3.1501508115532569E-03]
const zs15 = @_static [
       -4.0618674017300194E-01,
       -2.9307630345331692E-01,
       -3.7725603979058614E-01,
       -3.8116593626577139E-01,
        6.8034062393150796E-01,
       -2.1781485443049108E-02,
       -1.7012481470417701E-01,
       -3.6951091779554457E-01,
       -3.4466533241607744E-01,
       -2.7636446247604074E-01,
       -6.9471628300445856E-02,
        4.3366750797169873E-01,
        2.2884127101379312E-01,
        4.6378390637670169E-01,
        1.8823853132299614E-01,
       -3.8071865908431668E-01,
       -2.5649143304639499E-01,
       -3.5026044926222660E-01,
       -1.8687792850834337E-01,
       -4.0715274345659280E-01,
       -3.0743805993407147E-01,
       -3.1748725313163828E-01,
       -9.4737449368731810E-02,
       -1.4602135916110953E-01,
       -3.9342537473167599E-02,
        1.7983154972717252E-01,
        2.3175088077357259E-01,
        6.3341513269628336E-01,
        8.4076982664443398E-02,
       -8.9358078895030363E-02,
        6.7757852163398202E-01,
       -3.0313558469687435E-01,
       -5.8247358198234921E-02,
       -2.3679449612204662E-01,
       -3.6473340662679254E-01,
        9.3597368065415731E-01,
       -5.3697809735585959E-02,
        3.2033737347308761E-01,
        2.2993838847515183E-01,
        3.6120223950221894E-02,
       -2.0595400861270152E-01,
        4.4371773405408321E-02,
       -2.7755449331254561E-01,
       -3.7760512752776293E-01,
       -6.4188005719954616E-02,
       -1.0053685955955005E-01,
       -4.0129290763773667E-01,
        1.0253902991472643E+00,
       -2.4651352623163297E-01,
        7.8360918376209743E-01,
       -5.5339854341350268E-02,
       -3.8029851495644845E-01,
        1.1300570074658369E+00]
const ws15 = @_static [
        5.2579823537216488E-03,
        3.3229333191183055E-02,
        1.1135586287487769E-02,
        1.5452226490901149E-02,
        1.3413261918101460E-02,
        8.1086592961154124E-03,
        3.2667872898865490E-02,
        2.0488714118499875E-02,
        3.6373559935902348E-02,
        1.9567854049489981E-02,
        8.4680173925984065E-03,
        6.3102669171441195E-03,
        1.7896093610664646E-02,
        1.0153706374345621E-02,
        3.8856374115511598E-03,
        9.2206832223446240E-03,
        1.4535089750602428E-02,
        2.3163086324251632E-02,
        4.1964249637812999E-02,
        2.4356611142482337E-03,
        1.0751874523206922E-02,
        1.2314191224263188E-02,
        3.4879787634537897E-02,
        4.2241776806859338E-02,
        4.1759579918738639E-02,
        1.6401513127072616E-02,
        8.8522149326737982E-03,
        2.5525750412436966E-02,
        3.7072810643109237E-02,
        2.9479668950981162E-02,
        1.5099276863809245E-02,
        3.0052979545028218E-02,
        6.1148119167947195E-03,
        3.5140010200401972E-02,
        1.6676740658055834E-02,
        4.7418769356927081E-03,
        9.1149199174410042E-03,
        2.9618617411800947E-02,
        3.0440271310519136E-03,
        5.4628671267928898E-02,
        3.1945193032922037E-02,
        7.4585345157573892E-03,
        2.2204237469661221E-02,
        5.4304061794953687E-03,
        1.0420720320228180E-02,
        2.8574317291061475E-02,
        3.4306364874477817E-03,
        3.6757109937623610E-03,
        4.4965763698202659E-03,
        8.4349033691543292E-03,
        6.4204945083879573E-03,
        1.0408013955955220E-02,
        2.6706547706925629E-03]
