

### nmax = 10; npols = 66; sym_type = 2
### number_of_nodes = 74; inside = true; positive = true

const xs10 = @_static [
        4.1354419261084402E-01,
        1.2128270190507399E-01,
       -9.5458172126862195E-02,
        2.9027411372670298E-01,
        1.5485083456968701E-01,
       -1.3099237382593601E-02,
       -6.2940767374243500E-01,
       -4.6431418682992198E-01,
        4.5656921429529401E-01,
       -2.3498362886520399E-01,
       -2.6343614147120900E-02,
       -2.4915391255967601E-01,
        2.1083189437295199E-01,
        5.7794069074581200E-01,
       -2.7174710555839598E-01,
        2.3538646310649100E-01,
        7.8138664743505504E-01,
       -1.7958417947488800E-03,
        5.6628974115156805E-01,
        3.0220983541455199E-01,
       -3.0751922301210199E-01,
       -9.0817428259481203E-01,
        7.7043147251772204E-01,
       -8.2077577781403301E-15,
       -3.4784175972342299E-13,
        4.7909520167749401E-13,
        1.3747877127650601E-13,
        1.4203584573946100E-13]
const ys10 = @_static [
       -2.4675077653130900E-01,
       -3.6455744613607599E-01,
       -5.5666316177598499E-02,
       -5.2858402880633903E-01,
       -2.9645540703597301E-01,
       -4.5508716024704898E-01,
       -4.9730507304073102E-01,
       -4.3725470470616201E-01,
       -4.3989694549557901E-01,
       -5.0602303514631097E-01,
       -2.8699766895620699E-01,
       -3.1921435481356603E-01,
       -1.3092457023013099E-01,
       -4.1132071551936000E-01,
       -2.8587643273347202E-01,
       -3.2634975236111902E-01,
       -4.5264685203487898E-01,
       -1.6806270215118199E-01,
       -3.2907154550894802E-01,
       -1.7674409533346500E-01,
       -2.5996954222760299E-01,
       -5.6114477060661705E-01,
       -5.6000955913528105E-01,
       -1.4667391115692299E-13,
        2.4198543763878401E-14,
       -1.5524883409377099E-13,
       -2.3063236052196402E-13,
       -1.7061743688657600E-13]
const zs10 = @_static [
       -2.2466787125397999E-02,
       -3.6749854306727298E-01,
        9.1688847630773096E-01,
       -3.5533365581983500E-01,
       -1.9831658082724499E-01,
       -1.4478584054519700E-01,
       -3.5423932811075198E-01,
       -1.2515119273647399E-01,
       -1.3871777973966701E-01,
       -3.5491378657464900E-01,
        8.6591305962079201E-02,
        2.5976875303213498E-01,
        2.6306320811424000E-01,
       -3.4538330891835500E-01,
       -2.3278895342974201E-01,
        2.4152681205786800E-01,
       -2.1330680032200899E-01,
        6.0558165067368097E-01,
        1.4141316841708099E-01,
        5.5935383470032796E-01,
       -3.9610078790237502E-01,
       -3.9507410904824602E-01,
       -3.7794922085718602E-01,
       -3.4645488677868597E-02,
        1.2010098569852901E+00,
        4.0681238659126501E-01,
       -3.3414077860783797E-01,
        5.6994752059008202E-01]
const ws10 = @_static [
        1.9488422292056301E-02,
        1.1679485093875700E-02,
        6.2417219752707196E-03,
        5.7880501249743203E-03,
        2.3954020832627300E-02,
        1.1849333312035000E-02,
        6.5854843906143802E-03,
        1.2396541810911000E-02,
        1.2922805104230601E-02,
        8.6153701056447402E-03,
        2.5292686151018200E-02,
        1.0599239652818599E-02,
        2.6485921883704400E-02,
        1.1788393052700101E-02,
        2.5760653526870101E-02,
        1.1141139738548000E-02,
        6.7399263636446997E-03,
        1.5711374763030601E-02,
        9.5930688848905200E-03,
        1.0740686685640100E-02,
        7.7423924677414600E-03,
        7.4491258913403000E-04,
        1.5957663766185399E-03,
        4.3914651670439300E-02,
        3.6007415613448798E-04,
        1.1082820119796900E-02,
        2.6315278381187499E-02,
        1.0764025718378501E-02]


### nmax = 11; npols = 78; sym_type = 2
### number_of_nodes = 95; inside = true; positive = true

const xs11 = @_static [
        6.1285016762979405E-01,
       -4.6124384909265798E-01,
        2.4386555314386101E-02,
       -5.3680578283787295E-01,
       -2.3570776396144399E-01,
       -7.8549226356410395E-01,
       -3.1551987641729101E-01,
        2.8735856772271401E-01,
       -9.2052000269377904E-02,
        3.4683545748858102E-01,
       -7.0204172464894898E-01,
       -1.6131298025474600E-01,
        2.1016403082595100E-01,
       -5.8019125984726405E-01,
        2.4627693787777699E-01,
        1.0084619813809601E-02,
        2.0459314124070599E-01,
        3.3457519150582399E-01,
       -7.0836868268856195E-04,
       -3.2674605638550103E-01,
       -2.1647693521367101E-01,
       -5.5708388281472998E-01,
       -3.0264551969979999E-03,
       -1.5823483024736401E-01,
        3.0572284920517800E-01,
       -3.0033640829424102E-01,
        8.6777715646392795E-01,
        5.7189428978405998E-01,
        5.7627810606585095E-01,
        9.4364165921563506E-02,
        1.5789518173173200E-12,
       -7.2345088999772095E-13,
       -1.1950105030522399E-13,
        1.2731938640884899E-13,
       -1.3983130452621000E-13]
const ys11 = @_static [
       -4.6527141100371500E-01,
       -2.7152755559288200E-01,
       -3.8597667734599300E-01,
       -4.5628333320368197E-01,
       -2.4633643027864599E-01,
       -4.6263592051449598E-01,
       -3.5475215862310999E-01,
       -3.0046112827989901E-01,
       -5.5510791013154800E-02,
       -3.9450869275979999E-01,
       -5.3745863924107995E-01,
       -4.4516794218976802E-01,
       -4.9901948721561201E-01,
       -4.0892141773912399E-01,
       -1.4850427946387401E-01,
       -2.0575203177881299E-01,
       -3.2007695992898699E-01,
       -2.0546915986683500E-01,
       -2.4225984881142301E-01,
       -5.1788357607287205E-01,
       -1.2766562795978900E-01,
       -3.4532211080761699E-01,
       -1.6660218641855701E-01,
       -3.1924152435905701E-01,
       -2.9993023057307500E-01,
       -2.8823352650917400E-01,
       -5.1511991304577198E-01,
       -5.0738006857156304E-01,
       -3.3529560216200599E-01,
       -5.1585014138478302E-01,
       -8.0695262652248904E-13,
        4.5968516665500402E-13,
        1.1562543868011501E-13,
        5.7656541314033600E-14,
       -1.2261985879302399E-13]
const zs11 = @_static [
       -1.8682688631127101E-01,
        4.1941364567175199E-01,
        5.0300865837987797E-02,
       -1.5059561451902401E-01,
       -1.7252757854298501E-01,
       -1.7098106154217901E-01,
        7.6747428394705997E-02,
       -3.7201345699214200E-01,
        9.3429606650218799E-01,
       -3.6117362898028402E-02,
       -3.5355603674761998E-01,
       -1.9261143521980301E-01,
       -2.8185235196410602E-01,
       -3.8885527614645199E-01,
        6.6548480630788898E-01,
        1.7946831818757801E-02,
       -2.2727944534291999E-01,
        8.0784801036080905E-02,
        3.4061119425516501E-01,
       -3.5491312360110400E-01,
        4.2130576765847400E-01,
       -2.4302508737551201E-01,
        6.9395070057672104E-01,
       -3.5478959071860000E-01,
        3.2736342046978500E-01,
        3.7974790979879303E-01,
       -3.6266720206864300E-01,
       -3.6566238605984103E-01,
        1.0569533607078500E-01,
       -4.0151223529902702E-01,
        1.1182236090710200E+00,
        6.6641045836755597E-01,
       -3.8099908580523001E-01,
       -2.2539455026822799E-01,
        2.6049409997557499E-01]
const ws11 = @_static [
        6.0084515973455703E-03,
        1.3798288173024701E-03,
        9.2065223177026003E-03,
        6.6171607202458096E-03,
        1.8565610000778100E-02,
        2.9867740300546200E-03,
        1.1028787679049900E-02,
        1.0599288610114501E-02,
        4.0914246193790504E-03,
        1.1718196910790500E-02,
        2.5040318756162400E-03,
        1.2161142633497100E-02,
        7.8299269691818208E-03,
        4.8483933159433603E-03,
        5.9717317104221804E-03,
        2.6006710758545600E-02,
        1.8903652614405200E-02,
        2.0410988643959301E-02,
        1.6364644165937799E-02,
        5.7296473754800004E-03,
        1.6415091671506302E-02,
        1.4335029974290999E-02,
        6.7898886303339196E-03,
        1.4691531974034999E-02,
        6.8123070420842598E-03,
        4.8211023627003401E-03,
        2.6339868435364400E-03,
        5.7295009893517101E-03,
        8.5144468034995500E-03,
        3.0832930695387801E-03,
        1.0476781305208899E-03,
        1.6967006015449100E-02,
        1.0971947749022800E-02,
        2.8062327694152199E-02,
        2.5482797812842500E-02]


### nmax = 12; npols = 155; nquad = 42; sym_type = 2
### number_of_nodes = 120; inside = true; positive = true

const xs12 = @_static [
       -2.0985416317065325E-02,
       -8.4404024952467949E-01,
       -9.9382191613125309E-02,
       -2.2044050092677311E-01,
       -8.2570322108878524E-01,
       -8.8913422344131154E-01,
       -1.7506025692877952E-01,
       -6.0681089135158961E-01,
       -7.2859240743908837E-01,
       -6.5321014503986796E-01,
       -3.6127890402454793E-01,
       -3.8380629259449600E-01,
       -4.2295396764166809E-01,
       -6.8656669607669130E-01,
       -3.8934083974545386E-01,
       -6.7278400046682041E-01,
       -4.5659743364803718E-01,
       -6.2122859264380415E-01,
       -4.1989336019648332E-01,
       -5.1599813585401300E-01,
       -9.9865621832064766E-02,
       -6.8701349814703494E-01,
       -3.5513923324346464E-01,
       -2.3142323634485693E-01,
       -3.5571904191504100E-01,
       -2.6949552254119608E-01,
       -4.3056591291993707E-01,
       -1.1660959374997626E-01,
       -1.4404933546801019E-01,
       -3.8596438406951711E-01,
       -5.9564595728768344E-01,
       -5.2720201120990573E-01,
       -3.1133765447503658E-01,
       -3.9586860045067135E-01,
       -3.7091846371384646E-01,
       -2.8031970824355329E-01,
       -2.3647224125136188E-01,
       -2.3031598439929590E-01,
       -1.8130224931766040E-01,
       -4.5356771227212801E-14,
       -2.4441943873823855E-17,
       -3.2125443394095915E-16]
const ys12 = @_static [
       -4.8443235734283982E-02,
       -4.7806542271837360E-01,
        3.9605248953948756E-02,
       -5.7408611223434691E-01,
       -3.2101288761719643E-01,
       -5.1762935842432478E-01,
       -9.9842662451116934E-02,
        1.3163111190273543E-02,
       -3.1498575292740799E-01,
       -5.2662447618261965E-01,
       -5.1365161530814041E-01,
       -2.1781537401655371E-01,
       -1.4786190525297600E-02,
       -3.2003211753130778E-01,
       -3.2709927700875951E-01,
       -4.8476590775461836E-01,
        2.0001405565499764E-01,
       -3.5278547400139088E-01,
       -4.2134004582386447E-01,
       -6.1147903397891168E-02,
       -8.1830168933230002E-03,
       -4.0140387374433101E-01,
        3.0199873793063453E-01,
       -2.2683431699192007E-02,
       -4.0163141703165289E-01,
        1.8818202663422154E-01,
       -1.4854416075714524E-01,
       -1.8714917254454641E-01,
       -1.7741271432124928E-01,
       -3.9097116252618058E-01,
       -1.2421320425327613E-01,
       -3.0244498538651321E-01,
        2.3759902080392523E-01,
       -1.9314367565146046E-01,
       -7.6019097395326835E-02,
        1.1817580591224522E-01,
       -2.1326491931603980E-01,
        5.4486950902843979E-02,
       -1.9976845889627190E-01,
       -2.7137084399816529E-14,
        3.2915175897593130E-16,
        1.6337078883549372E-16]
const zs12 = @_static [
        1.0730129517920461E+00,
       -2.1834397208162790E-01,
        8.6068194686358823E-01,
       -4.0414861849939487E-01,
       -3.6090513924276979E-01,
       -3.7248350636047872E-01,
        8.3825761421221956E-01,
       -3.7823072353339571E-01,
       -1.5095232613371240E-01,
       -3.6633654344777761E-01,
       -2.7691788492615599E-01,
        4.9290867857298748E-01,
       -3.9423851102731111E-01,
       -3.8632513104805816E-01,
        2.5306365502003353E-01,
       -1.5669262685712898E-01,
       -2.3566957995892704E-01,
        9.9250325176699628E-02,
       -4.0136402378282660E-01,
       -6.4372287964224581E-03,
        4.7420036839808904E-01,
       -2.6596626917422417E-01,
       -3.5273204425088284E-01,
        5.6754538083670025E-01,
       -2.9195966066031653E-02,
        2.8722116364942857E-01,
        2.4976785909168037E-01,
       -3.7449904691600461E-01,
        5.8898865899913710E-01,
       -2.5652096058305585E-01,
       -2.5702778617757183E-01,
       -4.3852837249849071E-02,
       -4.1630424960000842E-02,
       -3.0995229529140750E-01,
       -6.3280128583656503E-02,
       -2.4176872178193132E-01,
        2.4251818163489253E-01,
        2.0545922361017019E-01,
       -7.9557714454794870E-02,
        8.2004527804112959E-01,
       -2.3311856210256759E-01,
        9.7078312015740992E-02]
const ws12 = @_static [
        2.8669077964978977E-03,
        3.9241491922699335E-03,
        8.0776915030812430E-03,
        2.2916480682171445E-03,
        4.6322672626313115E-03,
        5.1510490622142142E-03,
        8.8755173288894637E-03,
        9.4295012002636250E-03,
        9.3401648423520594E-03,
        9.3886194154108593E-03,
        1.1459811230051303E-02,
        1.2316391045006581E-02,
        1.4284984464928313E-02,
        1.2557176401841227E-02,
        1.3889584711784940E-02,
        8.0384162256578687E-03,
        1.5638016829667676E-02,
        1.3010857421776642E-02,
        1.0338027075355055E-02,
        1.8535199001635784E-02,
        3.2649754392388541E-02,
        2.2170818052963955E-02,
        2.3664695166524100E-02,
        2.6175171259084546E-02,
        2.6844016810142403E-02,
        1.6075842592899094E-02,
        2.8716906924885117E-02,
        3.0996289118118681E-02,
        2.8415275349313155E-02,
        3.5197449607982163E-02,
        3.0117536117382299E-02,
        3.6734432622725133E-02,
        3.7533915328802576E-02,
        4.0883712427161475E-02,
        4.9143813303029568E-02,
        5.0093166424280890E-02,
        5.5118237449720553E-02,
        5.5560475655379277E-02,
        6.5204579648216188E-02,
        8.5453082377111144E-03,
        2.2503592001585058E-02,
        2.6418073012234398E-02]

### nmax = 13; npols = 105; sym_type = 2
### number_of_nodes = 146; inside = true; positive = true

const xs13 = @_static [
       -7.5688088307601298E-01,
        3.1718340919718802E-01,
       -4.2094878121028800E-01,
        5.9895589653882797E-01,
        3.7105194560255201E-03,
       -3.5991605753536202E-02,
       -2.1615373598486500E-02,
        2.2888881830231600E-01,
       -3.1184862408672598E-01,
       -6.1964485837687000E-01,
        5.7768978800278002E-02,
       -3.2293722896500199E-01,
       -5.0988505227452996E-01,
        3.6103189213715497E-01,
        6.9322452099072296E-01,
       -9.2171218557803103E-01,
        2.6685268056691103E-01,
        6.7650983291716801E-02,
       -1.2456218036810100E-01,
        3.8716964303931500E-01,
       -4.8445982475427701E-01,
       -4.0919104711868398E-01,
       -2.6748321387858498E-01,
        4.5101479734288900E-02,
       -2.0851105008807400E-01,
        2.1140959229544801E-01,
       -7.9966279766055604E-01,
        7.7942085509718895E-01,
        5.4736860765399997E-01,
        2.9589367096964497E-01,
       -7.8278357017624398E-03,
        5.2925754653253099E-01,
       -9.6850676652319306E-02,
       -5.6303996977009196E-01,
        1.4309370860763099E-01,
        8.0303628561626095E-01,
        1.3433896639180301E-01,
       -1.3483213132174200E-02,
       -2.3759480275971301E-01,
        4.2164040305660799E-01,
       -2.3096843447497900E-01,
        4.2668602308096898E-01,
        2.0878321424077600E-01,
       -2.6594884831434901E-01,
       -5.4102938925757205E-01,
       -6.3136993769525096E-01,
        1.6319937465097600E-01,
        1.1987437029841801E-13,
       -7.6629798630465596E-14,
       -4.8296620243900899E-15,
       -2.1110508299944001E-14,
       -1.2706710252975600E-14]
const ys13 = @_static [
       -4.9214987210570899E-01,
       -2.1783516190615099E-01,
       -2.8379379364881901E-01,
       -4.8021196376248199E-01,
       -5.3934764619922604E-01,
       -2.0322336827453000E-01,
       -3.2383837768015400E-01,
       -4.3522152664167002E-01,
       -3.4473864233198398E-01,
       -5.2198589696921305E-01,
       -1.6783965788995600E-01,
       -3.4980559160075297E-01,
       -4.5583921839342600E-01,
       -3.3022003480362300E-01,
       -4.2862760552449503E-01,
       -5.4445521129093200E-01,
       -3.2112477461790401E-01,
       -4.0872567829511298E-02,
       -4.1730886272821999E-01,
       -3.9682822714125399E-01,
       -3.7282829576318799E-01,
       -5.3804987683236705E-01,
       -5.0025448579469001E-01,
       -2.7684827953887903E-01,
       -4.0857239611012902E-01,
       -4.3469311333311200E-01,
       -5.1427383160954399E-01,
       -4.7343550207443402E-01,
       -4.8250308321860103E-01,
       -2.1157409456077400E-01,
       -3.1418762225022800E-01,
       -3.8416347590049799E-01,
       -2.0499970865818801E-01,
       -3.3663800613256201E-01,
       -1.2263619124580601E-01,
       -5.4775619523491603E-01,
       -4.7537930313639198E-01,
       -1.2554652119785101E-01,
       -1.9695252649347800E-01,
       -2.6340136820471899E-01,
       -1.3787009998891600E-01,
       -5.4821879387915695E-01,
       -1.2626948314542100E-01,
       -2.3812752363668299E-01,
       -3.6638614541682701E-01,
       -3.9339380181699002E-01,
       -2.5174740047135102E-01,
       -6.1959676425460596E-14,
        3.0023703881936903E-14,
       -5.4577949791323902E-14,
        1.1644940421156500E-13,
        3.1232833552859601E-14]
const zs13 = @_static [
       -2.3277153239960799E-01,
        3.4967626965495602E-01,
        2.7179885654099400E-01,
       -3.8741286882121301E-01,
       -3.7831459371486698E-01,
       -3.9080543634288401E-01,
        2.2146211326587001E-01,
       -5.3321560267448401E-02,
       -1.3661267200974800E-01,
       -3.4057188159237700E-01,
        2.4821585587538100E-01,
        1.4930785505216099E-01,
       -1.2468610014253100E-01,
       -8.8040906716661704E-02,
       -2.9039044165306999E-01,
       -3.5887168115150703E-01,
        1.7486496448252600E-01,
        1.0056260224803100E+00,
       -6.0853638452754599E-02,
       -2.9074162126620201E-01,
       -2.9286750496849101E-01,
       -3.9861903840610702E-01,
       -2.7630050288158298E-01,
       -3.1711323736179603E-02,
       -3.6700729246508201E-01,
       -3.9189668093876900E-01,
       -3.9451129289822801E-01,
       -1.6898138274505800E-01,
       -1.9884563608566100E-01,
       -3.5817889666872799E-01,
       -2.6525706249819098E-01,
        9.1276556512000298E-02,
        4.7120270283611498E-01,
       -4.7891014348022100E-02,
        5.5620715985333502E-01,
       -3.6669024111321902E-01,
       -2.5000819683023401E-01,
        7.9539107810413101E-01,
        1.2462956541923800E-01,
        4.4307804391256400E-01,
       -1.7891906873886601E-01,
       -3.6217532773586902E-01,
        7.5902016251732696E-01,
        5.3850976197252098E-01,
       -4.0348898636798403E-01,
        9.1294800508443200E-02,
        5.0764760080194804E-01,
        7.5876863609196799E-01,
        1.1740644031656700E+00,
       -2.9175881312529101E-01,
        4.0728505128060200E-01,
       -2.7379756516769799E-03]
const ws13 = @_static [
        2.0088767364604600E-03,
        6.6630637386752298E-03,
        4.6073712210971101E-03,
        2.5626895169194798E-03,
        2.3500565444704198E-03,
        5.2705275411828898E-03,
        7.1496136697469697E-03,
        4.4884581823480098E-03,
        1.0807184518938100E-02,
        2.9322720205030798E-03,
        1.4544543033591499E-02,
        6.3796329133507003E-03,
        4.3733420044997900E-03,
        1.2034655661555999E-02,
        5.2115416620048703E-03,
        6.1328970346141004E-04,
        8.6185480300896202E-03,
        2.0996757937997599E-03,
        7.8205739821633896E-03,
        8.7872900149577205E-03,
        8.9296948944776102E-03,
        1.3493559836679301E-03,
        5.3106598628518400E-03,
        1.6753840490594901E-02,
        6.5385194319706897E-03,
        3.9058440079484599E-03,
        1.2641669627515501E-03,
        1.9689535514876401E-03,
        4.2524691347904896E-03,
        9.5047378076575893E-03,
        1.4482204136800901E-02,
        3.7057535080324798E-03,
        1.0231770708029900E-02,
        9.1062844318258798E-03,
        1.0049135209396300E-02,
        1.2171428618721299E-03,
        7.4096877970514299E-03,
        4.5269657577136496E-03,
        1.8686663208999199E-02,
        2.0881970059101799E-03,
        1.7631062679862201E-02,
        2.0143150102798000E-03,
        3.7444049325037498E-03,
        2.2747977498793000E-03,
        2.4137717769287699E-03,
        1.9014478332910201E-03,
        3.0217371429926100E-03,
        8.1377529850985200E-03,
        2.3387270882494699E-04,
        1.6033111335683799E-02,
        1.3237167810445601E-02,
        2.4346765633756901E-02]


### nmax = 14; npols = 120; sym_type = 2
### number_of_nodes = 177; inside = true; positive = true

const xs14 = @_static [
        4.3149676586918001E-01,
       -3.3030769841551699E-01,
       -7.0168195277811096E-01,
       -2.3398883237019999E-01,
        1.3295142885340000E-01,
       -1.9079205688061801E-01,
        4.2865534334931998E-01,
        2.0513761175424200E-01,
       -3.3363020673655802E-01,
       -2.0825029140644899E-01,
       -3.8976654260363702E-01,
        5.6175719045936601E-01,
        8.3013188657985204E-01,
       -4.8494739991817297E-02,
        2.9672092171476899E-01,
       -9.6900580883410803E-02,
       -2.0135821398984100E-01,
        4.3202040134421099E-01,
        8.1209425413155500E-01,
        3.9371813248500503E-02,
       -2.9117123642079001E-01,
        7.9626698016092803E-02,
       -6.0121981152123402E-02,
        7.0723415502370501E-01,
       -5.7165916727230703E-01,
        2.7430538138116700E-01,
       -3.5081859003158999E-01,
        3.2844771531054900E-01,
       -4.2667695167979902E-01,
       -1.1609139960182401E-01,
       -5.0714988465941602E-01,
       -6.8894158638492498E-01,
        5.5763186456050196E-01,
        1.1862603988161999E-02,
        2.5331658599041001E-01,
        3.1328478874372401E-02,
       -5.9403982885858198E-01,
        5.7990637494918895E-01,
        1.9592885319236300E-01,
        2.9384769349053103E-01,
        1.9604378893552299E-01,
       -7.7151712239390302E-01,
        4.0309214312320299E-03,
       -2.1241972584397401E-01,
        7.8782157335697892E-03,
       -2.0092013087898300E-01,
        4.1448500715489001E-01,
        9.4340683721178298E-01,
       -6.0131609975238500E-03,
       -4.6743194376901898E-01,
       -1.7169087371689699E-02,
       -5.7808348280178401E-01,
       -1.8338770132105900E-01,
       -1.9087324298351699E-01,
       -8.6188552090391202E-01,
       -4.4244628717085999E-01,
        2.8070335105649002E-01,
        3.9670806540032901E-13,
        1.7224254584711800E-12,
        3.5024103731407099E-13,
       -2.9479424618665302E-12,
       -1.0320910266444000E-12,
       -4.3593935658203500E-13]
const ys14 = @_static [
       -4.1510780062473102E-01,
       -3.7120973016165698E-01,
       -4.1177908133949198E-01,
       -4.8524683616748199E-01,
       -4.2268941006309901E-01,
       -1.5704137760872700E-01,
       -3.8587051509398301E-01,
       -3.6920152061354000E-01,
       -4.2304799341431498E-01,
       -1.2411588968332300E-01,
       -2.2550799032397301E-01,
       -3.3061278514430897E-01,
       -5.3828094574286001E-01,
       -4.1297946697426202E-01,
       -1.7861016034312099E-01,
       -3.9982414152804702E-01,
       -4.1517100303959797E-01,
       -4.9868841776683598E-01,
       -4.7260811041489098E-01,
       -3.1555433245539599E-01,
       -3.4558814841814001E-01,
       -4.8136129728637500E-01,
       -3.5559404245506299E-02,
       -4.9934351241303199E-01,
       -5.3767190272633603E-01,
       -1.8549560726699299E-01,
       -2.0865395517810700E-01,
       -3.6462654331071398E-01,
       -3.8917618227820500E-01,
       -7.3699827972333098E-02,
       -5.0018343536111698E-01,
       -4.0322385840299202E-01,
       -5.3418514727303901E-01,
       -3.5774582886557799E-01,
       -2.8793311421250101E-01,
       -1.9912299693034799E-01,
       -4.3842388877404798E-01,
       -4.2436365131016002E-01,
       -2.1636157853198601E-01,
       -1.7198527847267900E-01,
       -5.3523135115235199E-01,
       -5.1132970432385905E-01,
       -1.1912845279890200E-01,
       -2.9363733257148300E-01,
       -1.8618288954459800E-01,
       -5.3376357781289296E-01,
       -3.3987404429936302E-01,
       -5.4983020776000002E-01,
       -2.2813255906967400E-01,
       -2.8437105215728098E-01,
       -2.1601513093439600E-01,
       -3.3438743936065801E-01,
       -2.1953998883169901E-01,
       -1.1111125330918900E-01,
       -5.5319586546826205E-01,
       -3.4871056847813398E-01,
       -4.3112839508787798E-01,
        1.4248495305034099E-13,
        4.1632075202261802E-13,
        2.5644076346791502E-13,
       -9.4892538256776701E-13,
        5.7257076019048102E-13,
       -4.3078581778027198E-13]
const zs14 = @_static [
       -3.0024084198330903E-01,
       -2.3672435375004799E-01,
       -1.1248741391411200E-02,
       -2.0912004919512100E-01,
       -3.8710701695618799E-01,
        1.5767582055533000E-01,
       -3.8049944666340502E-01,
       -2.5667851267929298E-01,
       -7.5504456255591802E-03,
        3.9666852714694401E-01,
        5.4362953688242699E-01,
        2.1085339726645300E-01,
       -3.8462276325707700E-01,
        4.3201991568643600E-02,
       -3.9425522610365998E-01,
       -2.9008237216500798E-01,
       -4.0019547008936501E-01,
       -2.5145999669995400E-01,
       -2.0529934652232501E-01,
        2.9465947404164700E-01,
       -5.7952268623573798E-02,
       -2.2121571444861601E-01,
        1.0319150416213700E+00,
       -2.8436647016913602E-01,
       -3.9166327095507403E-01,
       -5.8534045034714099E-02,
        4.3490325933146301E-01,
       -7.1664693203198002E-02,
       -3.6510200785109598E-01,
        6.6667416083591002E-01,
       -2.8506079802467699E-01,
       -3.7671390490414502E-01,
       -3.8473231132947400E-01,
       -1.4307117909702700E-02,
        2.2268934348440100E-01,
        1.8613687184359101E-01,
       -1.0727956227499499E-01,
       -6.4855169485479494E-02,
        5.7256226934594501E-01,
       -2.7910871122642000E-01,
       -3.7141543711108499E-01,
       -3.1617384171227902E-01,
        8.3732771004203099E-01,
        2.4988739185450701E-01,
        5.1089041404351099E-01,
       -3.7061477567405199E-01,
        2.4330045603007699E-01,
       -3.5387025450148701E-01,
       -3.5826517440008598E-01,
        8.7550629714559902E-02,
       -1.3973079981263700E-01,
       -2.1837611247721300E-01,
        5.7635078163621500E-01,
        8.0622084254850201E-01,
       -4.0496587843379500E-01,
        2.2257068137966299E-01,
       -4.0967252382504999E-03,
       -2.5924478100859699E-01,
        1.1911491217416501E+00,
        4.1206531275114500E-01,
        8.4352626013441900E-01,
       -4.0036396733867002E-01,
        3.3210025450608902E-02]
const ws14 = @_static [
        4.0731110608641201E-03,
        6.3164920258097198E-03,
        1.4679886782383901E-03,
        3.4729106629271299E-03,
        3.2757645141114301E-03,
        1.0455396940738200E-02,
        3.6498677709879000E-03,
        8.0615370654072704E-03,
        2.8573880692762199E-03,
        8.5869799338528004E-03,
        9.4758560922219399E-04,
        1.9466299814135399E-03,
        9.4144285076881099E-04,
        1.8981737269291900E-03,
        3.5847222140051901E-03,
        7.7395174607041498E-03,
        1.9217608476991800E-03,
        3.5914180816782799E-03,
        1.6383577423952900E-03,
        3.7239686034313498E-03,
        9.8677217384593608E-03,
        5.1141821320476897E-03,
        1.4840805589877301E-03,
        2.8958980238979501E-03,
        1.4240030263181600E-03,
        1.4186630755703800E-02,
        5.3997141932624997E-03,
        9.4690096675331594E-03,
        5.1486700797090997E-03,
        6.9291764108707701E-03,
        3.8478634808770300E-03,
        3.4167593360222102E-03,
        1.8550674258853901E-03,
        1.0820375556139799E-02,
        9.0680870135619908E-03,
        1.3860976245317401E-02,
        4.5687892772150202E-03,
        4.6490015801465903E-03,
        3.2662294078170200E-03,
        1.2472962210870899E-02,
        2.6729413813103898E-03,
        2.4710488466664301E-03,
        2.9640431884535899E-03,
        8.6084302737796294E-03,
        8.7680818920077199E-03,
        2.9043840124696402E-03,
        2.1470046005057598E-03,
        2.8872798277953398E-04,
        8.9064716045798905E-03,
        9.4993612625608407E-03,
        1.6876917248687600E-02,
        9.4833109562616306E-03,
        2.9180156583125299E-03,
        2.7044054066182499E-03,
        3.6444503830403201E-04,
        2.1276025008176800E-03,
        2.4575850259895798E-03,
        1.4037984170261900E-02,
        1.2504520777175399E-04,
        1.5291674766889900E-02,
        4.4875102526186804E-03,
        2.7114743535679000E-03,
        1.7978386307232402E-02]


### nmax = 15; npols = 136; sym_type = 2
### number_of_nodes = 214; inside = true; positive = true

const xs15 = @_static [
        1.3434754859546200E-01,
        2.1008507077984800E-01,
       -2.6861583854866400E-01,
        8.1234913430540498E-02,
       -8.1446311348451195E-01,
        5.0740583269302797E-01,
        4.8432657181054600E-01,
       -2.0162521136681699E-01,
       -7.3918718192407598E-02,
        1.2053831639038000E-01,
       -3.5851934179406197E-01,
        4.2023863640319303E-03,
       -7.0183539528812400E-01,
        5.9790554392026096E-01,
        1.2585034668228801E-02,
        3.8516253177928702E-03,
       -3.4853014099374899E-03,
        5.3046351146471299E-02,
        1.7377881437120701E-01,
       -2.7137475824796697E-01,
        9.4935328223196502E-02,
       -5.1059817224680101E-02,
       -1.4971295351342701E-01,
        2.9217812387094400E-01,
       -8.7809058280003405E-02,
       -2.8230117074561101E-01,
       -5.2366337565182697E-01,
        2.8713159082673001E-01,
       -4.6508795438175798E-01,
        7.2500509539607305E-01,
       -4.9303568399272202E-01,
       -1.7307361704011701E-01,
       -1.7632241743797900E-01,
       -5.4187828508816405E-01,
        5.3946632285226899E-02,
        4.3758682655212700E-01,
        5.2100442484052001E-01,
       -7.4732116625730305E-01,
       -5.3188616725529003E-01,
       -6.2676291572201200E-03,
        1.0945341865613401E-01,
       -3.2345057883178002E-01,
       -2.8643212703244098E-01,
        3.3745775503619102E-01,
        5.2083298455640004E-01,
       -1.0810055262442800E-01,
       -1.1695678356312000E-02,
        2.2142617567365200E-01,
        2.1105260029849601E-01,
       -4.7695581097583900E-01,
        3.2115439407118102E-01,
       -3.9989906535491998E-01,
       -1.5045205551019100E-01,
        4.7337629849432700E-01,
       -4.2118153068536901E-01,
        2.0061086719703100E-01,
        6.9372390335106604E-01,
        2.1668391053832101E-01,
        1.2798539399840100E-01,
       -6.8572464563009905E-01,
       -9.2275650227511696E-01,
       -7.3445715192186700E-01,
       -2.0417405132788499E-01,
        4.9967950380218401E-01,
        7.5964087995068796E-01,
        8.6574935280151599E-01,
       -4.3059615742604201E-01,
       -1.1887600241307200E-01,
       -2.7843072547510300E-01,
        1.4580594134952399E-01,
       -1.8231580013920099E-14,
       -1.6991069718109099E-14,
        1.5699225528336000E-13,
        5.3599856569247098E-14]
const ys15 = @_static [
       -3.7565398469252997E-01,
       -3.2312700866169802E-01,
       -2.0974680532326201E-01,
       -5.3086508698409300E-02,
       -5.0780562031622201E-01,
       -5.5268443448479598E-01,
       -3.5240739035505803E-01,
       -1.4387628764931701E-01,
       -5.4772707701168999E-01,
       -2.7312281353534201E-01,
       -2.1188843693325601E-01,
       -2.0894190327778499E-02,
       -4.6742648496659800E-01,
       -3.8730162944110302E-01,
       -2.8364992252173399E-01,
       -1.7937724481876499E-01,
       -1.8502824453638700E-01,
       -4.4007317659808298E-01,
       -1.7716419400629299E-01,
       -3.4920716056212397E-01,
       -5.6968771193025701E-02,
       -3.4592781568983100E-01,
       -1.1045741753808400E-01,
       -3.2816049041264800E-01,
       -2.5795496618938302E-01,
       -1.8544081875541399E-01,
       -3.8678542172811498E-01,
       -2.6868139065523100E-01,
       -3.1237298435716798E-01,
       -4.2175795489994899E-01,
       -4.2236956359683098E-01,
       -4.0542636393191500E-01,
       -1.7836755429490700E-01,
       -3.1770375953746999E-01,
       -2.0523543209607101E-01,
       -3.7020918159556299E-01,
       -4.4462153288804301E-01,
       -5.4527254815285497E-01,
       -5.0977937105161897E-01,
       -7.2963660714093395E-02,
       -1.7044696478144100E-01,
       -2.6149381514915798E-01,
       -3.0774919176074100E-01,
       -4.2457619298921101E-01,
       -3.2586389192156701E-01,
       -2.9502896933350398E-01,
       -1.3878298458961399E-01,
       -2.0670282553383301E-01,
       -3.7445922341359900E-01,
       -4.8422691480789098E-01,
       -2.4235533474063900E-01,
       -3.6863824440163800E-01,
       -4.2819434555323099E-01,
       -5.0145313616068199E-01,
       -2.5178695887966202E-01,
       -1.1818926598702700E-01,
       -4.8310685800812297E-01,
       -5.2450973808201595E-01,
       -4.2974797500194301E-01,
       -4.1412231672753702E-01,
       -5.3357424475237503E-01,
       -4.4578153106333301E-01,
       -5.0761646676624905E-01,
       -4.4349259056561802E-01,
       -5.3495602330826397E-01,
       -5.1860841996125995E-01,
       -5.6750778048653305E-01,
       -1.7470918867941901E-01,
       -4.6337894565367399E-01,
       -5.2633455426846698E-01,
       -1.7383434886715000E-15,
       -2.4902063310236599E-16,
        1.0287278335463200E-13,
        7.8104439375328500E-14]
const zs15 = @_static [
        1.1494153692977201E-01,
       -1.4251419648878699E-01,
       -3.8973916502021599E-01,
        7.4252831671861397E-01,
       -2.8561122420826601E-01,
       -3.8918675464443397E-01,
        1.8473255823240300E-01,
        5.8027046825222595E-01,
       -3.9144139110491799E-01,
        4.0615006739310999E-01,
        5.8086323914008697E-01,
        1.1223007784798000E+00,
       -1.7023826014099200E-01,
       -2.9285172144600399E-02,
       -2.3786392719136702E-02,
       -3.8760024827806699E-01,
       -1.5732764004671801E-01,
       -9.8466776594036604E-02,
        4.1957495088881602E-01,
        1.6987064782804201E-01,
        1.0010456333968900E+00,
        1.2782529866145301E-01,
        6.6998512929520498E-02,
        1.8886030520057800E-01,
        4.1623191174525398E-01,
       -1.4293774191070299E-01,
        7.5267574766048700E-02,
        5.5022597456390203E-02,
       -3.7836457302907300E-01,
       -3.5578581869891601E-02,
       -1.1800947709354299E-01,
       -1.6374800275572199E-01,
        2.9774548604758200E-01,
        2.5967126045985300E-01,
        2.2715089269558600E-01,
       -2.7799261789741198E-01,
       -3.8234327772244697E-01,
       -3.7753863224449302E-01,
       -2.8296886270114902E-01,
        9.2666599027356500E-01,
        7.0424087081648801E-01,
        4.1168840474923002E-01,
        1.1909647878208300E-02,
       -9.8248862962923705E-02,
       -1.2100769327935000E-01,
       -2.9703233170750498E-01,
        5.8280652146045397E-01,
       -3.0178765709074001E-01,
       -3.8622442779905097E-01,
       -3.8043463044831299E-01,
        4.6145186678382299E-01,
       -2.6645677965304598E-01,
       -3.8344402106662401E-01,
       -2.8096607458349798E-01,
        1.8432254233228901E-01,
        7.9499317456485497E-01,
       -2.2960195040494100E-01,
       -3.7688732971843603E-01,
       -2.7797423904295498E-01,
       -3.0881990652405999E-01,
       -3.8197999732451199E-01,
       -4.0153617952223403E-01,
       -3.0457071296886101E-01,
       -3.9057554911248300E-02,
       -3.7261087845324198E-01,
       -2.5759900261234597E-01,
       -3.9546744712058501E-01,
        7.1585088598414603E-01,
       -9.1431871005496795E-02,
       -2.6396105439725698E-01,
       -3.0039438029893401E-01,
        4.2754162122597300E-01,
        1.4546451156206699E-01,
       -1.0727985707978500E-01]
const ws15 = @_static [
        2.4909417114072200E-03,
        6.5286854694261796E-03,
        2.9960304540947598E-03,
        4.3179470952768697E-03,
        1.1507178981622901E-03,
        8.1214672435648205E-04,
        1.8133043645127301E-03,
        4.1408715245360699E-03,
        1.0066681218660100E-03,
        2.8129562723557999E-03,
        9.6435897291869104E-04,
        2.8821389253712000E-04,
        2.0223886809248000E-03,
        3.4298635262646300E-03,
        9.5669556297109399E-03,
        4.3360454879690299E-03,
        1.0335606429935900E-02,
        4.2355862696375098E-03,
        6.8104650678164902E-03,
        3.9703982095481097E-03,
        8.0899405989575497E-04,
        5.5273590861222898E-03,
        1.1593488421922499E-02,
        4.7528351979360204E-03,
        4.4275345526451097E-03,
        1.0802395110924101E-02,
        2.8587516324537999E-03,
        8.6936199293658496E-03,
        3.8379902016745298E-03,
        1.3973838954268499E-03,
        4.8930042597597097E-03,
        7.3965330611308099E-03,
        1.0235243050744400E-02,
        1.6910816223535299E-03,
        1.0687036898847899E-02,
        6.7253603545932798E-03,
        2.8545672304429700E-03,
        1.0665011199329200E-03,
        2.7841246300651002E-03,
        2.5513408780369700E-03,
        2.3797865926530799E-03,
        3.6715458039155800E-03,
        9.4356886921914494E-03,
        5.6751040557740497E-03,
        7.5723215506480201E-03,
        9.2612349436453200E-03,
        6.2831069239531103E-03,
        9.5043156882600194E-03,
        4.0294965602244697E-03,
        2.7205246700734600E-03,
        3.3722720706754802E-03,
        7.9103084991469699E-03,
        3.9852530339750400E-03,
        3.5667070690798600E-03,
        7.1715041847758799E-03,
        1.8961709805946200E-03,
        2.8707879690998599E-03,
        2.3592250317322999E-03,
        7.6111218968393799E-03,
        4.6479332311459903E-03,
        6.2772914817206895E-04,
        1.0629936811792401E-03,
        4.0620968126478998E-03,
        1.3480963934842799E-03,
        1.5023656284943001E-03,
        5.0933515037412599E-04,
        4.5772877537708900E-04,
        1.6839747819616701E-03,
        2.1307071246407000E-03,
        1.4622243599745699E-03,
        1.0604999556382401E-02,
        1.3618817509105000E-02,
        8.8727575957495697E-03,
        8.5515920141408693E-03]
